# Converted from LFP_Chm_Pot.txt: mu = -96485.3365 * (3.4 - original value).
# concentration value; solver units (see ../README.md)
0 -411606.44550900004
0.0050000000000000001 -396388.87472155649
0.01 -383070.90723912505
0.014999999999999999 -371525.85781488102
0.02 -361627.04120199999
0.025000000000000001 -353247.868638994
0.029999999999999999 -346261.751364375
0.035000000000000003 -340542.00413131848
0.040000000000000001 -335963.41791864845
0.044999999999999998 -332310.94620837364
0.050000000000000003 -328742.75443953159
0.055 -326911.48204982892
0.059999999999999998 -326496.49861754244
0.065000000000000002 -326466.64605442929
0.070000000000000007 -326455.19324498676
0.074999999999999997 -326458.40620669222
0.080000000000000002 -326467.08988697716
0.085000000000000006 -326476.12091447361
0.089999999999999997 -326485.58612598426
0.095000000000000001 -326495.55306124472
0.10000000000000001 -326505.94453198573
0.105 -326516.76053820743
0.11 -326527.99143137602
0.115 -326539.62756295793
0.12 -326551.64963588578
0.125 -326564.0480016261
0.13 -326576.81301164499
0.13500000000000001 -326589.93501740898
0.14000000000000001 -326603.40437038441
0.14499999999999999 -326617.22107057122
0.14999999999999999 -326631.36582090211
0.155 -326645.84826991078
0.16 -326660.63947199623
0.16500000000000001 -326675.74907569209
0.17000000000000001 -326691.17708099843
0.17499999999999999 -326706.90419084794
0.17999999999999999 -326722.94005377428
0.185 -326739.26537271007
0.19 -326755.88979618903
0.19500000000000001 -326772.7940271438
0.20000000000000001 -326789.99736264179
0.20499999999999999 -326807.48050561559
0.20999999999999999 -326825.24345606519
0.215 -326843.28621399071
0.22 -326861.60877939203
0.22500000000000001 -326880.20150373562
0.23000000000000001 -326899.0547384877
0.23499999999999999 -326918.18778071564
0.23999999999999999 -326937.58133335219
0.245 -326957.24504493084
0.25 -326977.15961838444
0.255 -326997.33470224659
0.26000000000000001 -327017.77029651735
0.26500000000000001 -327038.4567526629
0.27000000000000002 -327059.3940706834
0.27500000000000002 -327080.57260204514
0.28000000000000003 -327102.00296013517
0.28499999999999998 -327123.67067215295
0.28999999999999998 -327145.57573809859
0.29499999999999998 -327167.71429855848
0.29999999999999999 -327190.08442382602
0.30499999999999999 -327212.68128963432
0.31 -327235.50007171655
0.315 -327258.53787551267
0.32000000000000001 -327281.78987675579
0.32500000000000001 -327305.25125117914
0.33000000000000002 -327328.91813936923
0.33500000000000002 -327352.78571705922
0.34000000000000002 -327376.84819512896
0.34499999999999997 -327401.09978445823
0.34999999999999998 -327425.5366256336
0.35499999999999998 -327450.15099982813
0.35999999999999999 -327474.93904762832
0.36499999999999999 -327499.89401506068
0.37 -327525.00914815161
0.375 -327550.27962263435
0.38 -327575.69675482856
0.38500000000000001 -327601.25572046742
0.39000000000000001 -327626.94783587061
0.39500000000000002 -327652.76731191803
0.40000000000000002 -327678.70739463606
0.40500000000000003 -327704.7594003444
0.40999999999999998 -327730.9165750696
0.41499999999999998 -327757.17216483795
0.41999999999999998 -327783.5165211159
0.42499999999999999 -327809.94288992987
0.42999999999999999 -327836.44451730634
0.435 -327863.01078985824
0.44 -327889.63591846544
0.44500000000000001 -327916.31121944758
0.45000000000000001 -327943.02704427106
0.45500000000000002 -327969.77760381572
0.46000000000000002 -327996.55228469445
0.46500000000000002 -328023.34433293378
0.46999999999999997 -328050.14410001325
0.47499999999999998 -328076.94772647973
0.47999999999999998 -328103.73205589212
0.48499999999999999 -328130.50673677085
0.48999999999999999 -328157.26212058228
0.495 -328183.97891025915
0.5 -328210.65710580139
0.505 -328237.27741014177
0.51000000000000001 -328263.83982328023
0.51500000000000001 -328290.34434521676
0.52000000000000002 -328316.77167888411
0.52500000000000002 -328343.11217574863
0.53000000000000003 -328369.37548434391
0.53500000000000003 -328395.53265906905
0.54000000000000004 -328421.58369992406
0.54500000000000004 -328447.51895837527
0.55000000000000004 -328473.33843442268
0.55500000000000005 -328499.03247953259
0.56000000000000005 -328524.59144517145
0.56499999999999995 -328550.00568280555
0.56999999999999995 -328575.2751924349
0.57499999999999996 -328600.39032552589
0.57999999999999996 -328625.35108207841
0.58499999999999996 -328650.13816502527
0.58999999999999997 -328674.75157436641
0.59499999999999997 -328699.19131010183
0.59999999999999998 -328723.43807516427
0.60499999999999998 -328747.5015180874
0.60999999999999999 -328771.3719903375
0.61499999999999999 -328795.03984338098
0.62 -328818.49542868411
0.625 -328841.74839478062
0.63 -328864.78909313679
0.63500000000000001 -328887.60787521908
0.64000000000000001 -328910.20474102738
0.64500000000000002 -328932.57004202803
0.65000000000000002 -328954.71342675481
0.65500000000000003 -328976.61559814028
0.66000000000000003 -328998.28620471823
0.66500000000000004 -329019.71559795487
0.67000000000000004 -329040.89412931661
0.67500000000000004 -329061.83144733711
0.68000000000000005 -329082.51790348272
0.68500000000000005 -329102.95349775342
0.68999999999999995 -329123.12858161557
0.69499999999999995 -329143.04315506917
0.69999999999999996 -329162.70686664787
0.70499999999999996 -329182.10041928437
0.70999999999999996 -329201.23346151231
0.71499999999999997 -329220.08669626439
0.71999999999999997 -329238.67942060798
0.72499999999999998 -329257.0019860093
0.72999999999999998 -329275.04474393482
0.73499999999999999 -329292.80769438442
0.73999999999999999 -329310.29083735828
0.745 -329327.49417285621
0.75 -329344.39840381104
0.755 -329361.02282728994
0.76000000000000001 -329377.34814622573
0.76500000000000001 -329393.38400915207
0.77000000000000002 -329409.11111900158
0.77500000000000002 -329424.53912430792
0.78000000000000003 -329439.64872800378
0.78500000000000003 -329454.43993008928
0.79000000000000004 -329468.9223790979
0.79500000000000004 -329483.06712942879
0.80000000000000004 -329496.8838296156
0.80500000000000005 -329510.35318259103
0.81000000000000005 -329523.47518835502
0.81499999999999995 -329536.24019837397
0.81999999999999995 -329548.63856411423
0.82499999999999996 -329560.66063704208
0.82999999999999996 -329572.29676862399
0.83499999999999996 -329583.52766179258
0.83999999999999997 -329594.34366801428
0.84499999999999997 -329604.74478728895
0.84999999999999998 -329614.70207401575
0.85499999999999998 -329624.09009725723
0.85999999999999999 -329633.61319996975
0.86499999999999999 -329633.59390290244
0.87 -329560.35188396531
0.875 -329396.99256073718
0.88 -329126.31259772007
0.88500000000000001 -328733.3181736219
0.89000000000000001 -328268.25885169191
0.89500000000000002 -327677.06714391557
0.90000000000000002 -326940.03206089925
0.90500000000000003 -326134.31196138868
0.91000000000000003 -324978.6106007917
0.91500000000000004 -323620.5408954196
0.92000000000000004 -322037.17792931997
0.92500000000000004 -320210.71050937503
0.93000000000000005 -318123.73268088
0.93500000000000005 -315758.87708326499
0.93999999999999995 -313098.77635596
0.94499999999999995 -310126.06313839497
0.94999999999999996 -306823.37007
0.95499999999999996 -303173.32979020505
0.95999999999999996 -299158.57493844
0.96499999999999997 -294761.738154135
0.96999999999999997 -289965.45207672002
0.97499999999999998 -284752.34934562503
0.97999999999999998 -279105.06260027998
0.98499999999999999 -273006.22448011499
0.98999999999999999 -266438.46762456
0.995 -259384.42467304497
1 -251826.72826500001
