# Converted from LFP_Chm_Pot.txt: OCV = 3.4 - original value.
# concentration value; solver units (see ../README.md)
0 4.266
0.0050000000000000001 4.1082809999999998
0.01 3.9702500000000001
0.014999999999999999 3.8505940000000001
0.02 3.7479999999999998
0.025000000000000001 3.6611560000000001
0.029999999999999999 3.5887500000000001
0.035000000000000003 3.5294689999999997
0.040000000000000001 3.4820153
0.044999999999999998 3.4441600999999999
0.050000000000000003 3.4071783999999998
0.055 3.3881985999999999
0.059999999999999998 3.3838976000000001
0.065000000000000002 3.3835881999999997
0.070000000000000007 3.3834694999999999
0.074999999999999997 3.3835028
0.080000000000000002 3.3835927999999997
0.085000000000000006 3.3836863999999998
0.089999999999999997 3.3837845
0.095000000000000001 3.3838878000000001
0.10000000000000001 3.3839954999999997
0.105 3.3841076000000001
0.11 3.3842240000000001
0.115 3.3843445999999999
0.12 3.3844691999999998
0.125 3.3845977
0.13 3.3847299999999998
0.13500000000000001 3.3848659999999997
0.14000000000000001 3.3850055999999999
0.14499999999999999 3.3851488000000001
0.14999999999999999 3.3852954
0.155 3.3854454999999999
0.16 3.3855987999999999
0.16500000000000001 3.3857553999999999
0.17000000000000001 3.3859152999999997
0.17499999999999999 3.3860782999999999
0.17999999999999999 3.3862445000000001
0.185 3.3864136999999999
0.19 3.3865859999999999
0.19500000000000001 3.3867612
0.20000000000000001 3.3869395
0.20499999999999999 3.3871207000000001
0.20999999999999999 3.3873047999999999
0.215 3.3874917999999998
0.22 3.3876816999999999
0.22500000000000001 3.3878743999999998
0.23000000000000001 3.3880697999999998
0.23499999999999999 3.3882680999999999
0.23999999999999999 3.3884691
0.245 3.3886729
0.25 3.3888792999999997
0.255 3.3890883999999999
0.26000000000000001 3.3893002000000001
0.26500000000000001 3.3895146
0.27000000000000002 3.3897315999999997
0.27500000000000002 3.3899510999999998
0.28000000000000003 3.3901732099999999
0.28499999999999998 3.3903977799999998
0.28999999999999998 3.3906248099999998
0.29499999999999998 3.3908542599999998
0.29999999999999999 3.3910861099999998
0.30499999999999999 3.3913203099999998
0.31 3.39155681
0.315 3.3917955799999997
0.32000000000000001 3.3920365699999997
0.32500000000000001 3.3922797299999998
0.33000000000000002 3.3925250199999999
0.33500000000000002 3.3927723899999997
0.34000000000000002 3.3930217799999998
0.34499999999999997 3.3932731299999999
0.34999999999999998 3.3935263999999998
0.35499999999999998 3.3937815099999997
0.35999999999999999 3.3940384199999998
0.36499999999999999 3.39429706
0.37 3.3945573599999999
0.375 3.3948192699999997
0.38 3.3950827000000001
0.38500000000000001 3.3953476
0.39000000000000001 3.39561388
0.39500000000000002 3.3958814799999999
0.40000000000000002 3.3961503299999998
0.40500000000000003 3.3964203399999997
0.40999999999999998 3.3966914400000001
0.41499999999999998 3.3969635600000001
0.41999999999999998 3.3972365999999998
0.42499999999999999 3.3975104899999997
0.42999999999999999 3.3977851599999997
0.435 3.3980604999999997
0.44 3.39833645
0.44500000000000001 3.3986129199999997
0.45000000000000001 3.39888981
0.45500000000000002 3.3991670599999999
0.46000000000000002 3.3994445600000001
0.46500000000000002 3.39972224
0.46999999999999997 3.4000000000001371
0.47499999999999998 3.4002778
0.47999999999999998 3.4005554
0.48499999999999999 3.4008328999999997
0.48999999999999999 3.4011101999999998
0.495 3.4013871
0.5 3.4016636
0.505 3.4019395000000001
0.51000000000000001 3.4022147999999999
0.51500000000000001 3.4024894999999997
0.52000000000000002 3.4027634
0.52500000000000002 3.4030364
0.53000000000000003 3.4033085999999999
0.53500000000000003 3.4035796999999999
0.54000000000000004 3.4038496999999999
0.54500000000000004 3.4041185
0.55000000000000004 3.4043861
0.55500000000000005 3.4046523999999998
0.56000000000000005 3.4049172999999997
0.56499999999999995 3.4051806999999998
0.56999999999999995 3.4054425999999998
0.57499999999999996 3.4057029000000001
0.57999999999999996 3.4059615999999999
0.58499999999999996 3.4062185
0.58999999999999997 3.4064736
0.59499999999999997 3.4067268999999998
0.59999999999999998 3.4069781999999997
0.60499999999999998 3.4072275999999997
0.60999999999999999 3.4074749999999998
0.61499999999999999 3.4077202999999998
0.62 3.4079633999999999
0.625 3.4082043999999998
0.63 3.4084431999999998
0.63500000000000001 3.4086797
0.64000000000000001 3.4089138999999999
0.64500000000000002 3.4091456999999998
0.65000000000000002 3.4093751999999999
0.65500000000000003 3.4096021999999997
0.66000000000000003 3.4098267999999998
0.66500000000000004 3.4100489
0.67000000000000004 3.4102684000000001
0.67500000000000004 3.4104853999999998
0.68000000000000005 3.4106997999999997
0.68500000000000005 3.4109115999999999
0.68999999999999995 3.4111207000000001
0.69499999999999995 3.4113270999999998
0.69999999999999996 3.4115308999999998
0.70499999999999996 3.4117318999999999
0.70999999999999996 3.4119302
0.71499999999999997 3.4121256
0.71999999999999997 3.4123182999999999
0.72499999999999998 3.4125082
0.72999999999999998 3.4126951999999999
0.73499999999999999 3.4128792999999997
0.73999999999999999 3.4130604999999998
0.745 3.4132387999999998
0.75 3.4134139999999999
0.755 3.4135863
0.76000000000000001 3.4137554999999997
0.76500000000000001 3.4139216999999999
0.77000000000000002 3.4140847000000001
0.77500000000000002 3.4142446
0.78000000000000003 3.4144011999999999
0.78500000000000003 3.4145544999999999
0.79000000000000004 3.4147045999999999
0.79500000000000004 3.4148511999999998
0.80000000000000004 3.4149943999999999
0.80500000000000005 3.4151340000000001
0.81000000000000005 3.41527
0.81499999999999995 3.4154022999999998
0.81999999999999995 3.4155308
0.82499999999999996 3.4156553999999999
0.82999999999999996 3.4157759999999997
0.83499999999999996 3.4158923999999997
0.83999999999999997 3.4160045000000001
0.84499999999999997 3.4161123
0.84999999999999998 3.4162154999999998
0.85499999999999998 3.4163128
0.85999999999999999 3.4164114999999997
0.86499999999999999 3.4164113
0.87 3.4156521999999998
0.875 3.4139591
0.88 3.4111536999999998
0.88500000000000001 3.4070806
0.89000000000000001 3.4022606
0.89500000000000002 3.3961333300000001
0.90000000000000002 3.3884944999999997
0.90500000000000003 3.3801437999999999
0.91000000000000003 3.3681657999999999
0.91500000000000004 3.3540904
0.92000000000000004 3.3376799999999998
0.92500000000000004 3.3187500000000001
0.93000000000000005 3.2971200000000001
0.93500000000000005 3.2726099999999998
0.93999999999999995 3.2450399999999999
0.94499999999999995 3.2142299999999997
0.94999999999999996 3.1799999999999997
0.95499999999999996 3.1421700000000001
0.95999999999999996 3.1005599999999998
0.96499999999999997 3.0549900000000001
0.96999999999999997 3.00528
0.97499999999999998 2.9512499999999999
0.97999999999999998 2.8927199999999997
0.98499999999999999 2.82951
0.98999999999999999 2.7614399999999999
0.995 2.6883299999999997
1 2.6099999999999999
