# NMC chemical_potential; sampled from pre-migration BESFEM model.
# concentration value; solver units (see ../README.md)
0 -452709.11941197398
0.0025000000000000001 -452100.27503954293
0.0050000000000000001 -451493.57180316228
0.0074999999999999997 -450889.00859418657
0.01 -450286.5843053179
0.012500000000000001 -449686.29783059878
0.014999999999999999 -449088.14806540532
0.017500000000000002 -448492.13390643895
0.02 -447898.2542517198
0.022499999999999999 -447306.50800057786
0.025000000000000001 -446716.89405364543
0.0275 -446129.4113128485
0.029999999999999999 -445544.05868139875
0.032500000000000001 -444960.83506378433
0.035000000000000003 -444379.7393657607
0.037500000000000006 -443800.77049434214
0.040000000000000001 -443223.92735779146
0.042499999999999996 -442649.20886561048
0.044999999999999998 -442076.61392853002
0.047500000000000001 -441506.14145849942
0.050000000000000003 -440937.79036867601
0.052500000000000005 -440371.55957341392
0.055 -439807.4479882532
0.057499999999999996 -439245.45452990721
0.059999999999999998 -438685.57811625191
0.0625 -438127.81766631262
0.065000000000000002 -437572.17210025137
0.067500000000000004 -437018.64033935405
0.070000000000000007 -436467.22130601667
0.072500000000000009 -435917.91392373154
0.075000000000000011 -435370.71711707272
0.077500000000000013 -434825.62981168128
0.080000000000000002 -434282.65093425004
0.08249999999999999 -433741.77941250725
0.084999999999999992 -433203.01417520165
0.087499999999999994 -432666.35415208392
0.089999999999999997 -432131.79827389051
0.092499999999999999 -431599.34547232522
0.095000000000000001 -431068.99468004116
0.097500000000000003 -430540.74483062088
0.10000000000000001 -430014.59485855728
0.10250000000000001 -429490.54369923321
0.10500000000000001 -428968.59028890007
0.10750000000000001 -428448.73356465658
0.11 -427930.97246442566
0.11249999999999999 -427415.30592693185
0.11499999999999999 -426901.73289167712
0.11749999999999999 -426390.25229891593
0.12 -425880.86308962991
0.1225 -425373.564205501
0.125 -424868.35458888469
0.1275 -424365.23318278114
0.13 -423864.19893080642
0.13250000000000001 -423365.2507771618
0.13500000000000001 -422868.38766660279
0.13750000000000001 -422373.60854440677
0.14000000000000001 -421880.91235633951
0.14250000000000002 -421390.29804862075
0.14500000000000002 -420901.76456788799
0.14750000000000002 -420415.31086115999
0.14999999999999999 -419930.93587579776
0.1525 -419448.63855946617
0.155 -418968.41786009172
0.1575 -418490.2727258206
0.16 -418014.20210497518
0.16250000000000001 -417540.20494600787
0.16500000000000001 -417068.28019745479
0.16750000000000001 -416598.42680788657
0.17000000000000001 -416130.64372585865
0.17249999999999999 -415664.92989985849
0.17499999999999999 -415201.28427825216
0.17749999999999999 -414739.70580922812
0.17999999999999999 -414280.19344073976
0.1825 -413822.74612044537
0.185 -413367.36279564642
0.1875 -412914.04241322313
0.19 -412462.783919568
0.1925 -412013.58626051754
0.19500000000000001 -411566.44838128117
0.19750000000000001 -411121.3692263664
0.20000000000000001 -410678.34773950407
0.20250000000000001 -410237.38286356797
0.20500000000000002 -409798.4735404941
0.20750000000000002 -409361.61871119495
0.20999999999999999 -408926.81731547264
0.21249999999999999 -408494.06829192705
0.215 -408063.37057786272
0.2175 -407634.72310919041
0.22 -407208.1248203268
0.2225 -406783.57464408956
0.22500000000000001 -406361.07151158899
0.22750000000000001 -405940.61435211578
0.23000000000000001 -405522.20209302538
0.23249999999999998 -405105.83365961671
0.23499999999999999 -404691.5079750077
0.23749999999999999 -404279.22396000649
0.23999999999999999 -403868.98053297726
0.24249999999999999 -403460.77660970157
0.245 -403054.6111032351
0.2475 -402650.4829237581
0.25 -402248.39097842219
0.2525 -401848.33417118981
0.255 -401450.31140266935
0.25750000000000001 -401054.32156994374
0.26000000000000001 -400660.36356639233
0.26250000000000001 -400268.43628150772
0.26500000000000001 -399878.53860070417
0.26750000000000002 -399490.66940512124
0.27000000000000002 -399104.82757141802
0.27250000000000002 -398721.01197156199
0.27500000000000002 -398339.22147260915
0.27750000000000002 -397959.45493647613
0.28000000000000003 -397581.71121970459
0.28250000000000003 -397205.98917321692
0.28500000000000003 -396832.28764206293
0.28749999999999998 -396460.60546515766
0.28999999999999998 -396090.94147500937
0.29249999999999998 -395723.2944974383
0.29499999999999998 -395357.66335128411
0.29749999999999999 -394994.04684810404
0.29999999999999999 -394632.44379185926
0.30249999999999999 -394272.85297859064
0.30499999999999999 -393915.27319608128
0.3075 -393559.70322350907
0.31 -393206.14183108439
0.3125 -392854.58777967613
0.315 -392505.0398204237
0.3175 -392157.49669433507
0.32000000000000001 -391811.95713186997
0.32250000000000001 -391468.41985250812
0.32500000000000001 -391126.88356430217
0.32750000000000001 -390787.34696341393
0.33000000000000002 -390449.80873363343
0.33250000000000002 -390114.26754588209
0.33500000000000002 -389780.72205769556
0.33750000000000002 -389449.17091269029
0.34000000000000002 -389119.61274000822
0.34250000000000003 -388792.0461537434
0.34499999999999997 -388466.46975234681
0.34749999999999998 -388142.8821180095
0.34999999999999998 -387821.28181602334
0.35249999999999998 -387501.66739411949
0.35499999999999998 -387184.03738178109
0.35749999999999998 -386868.39028953284
0.35999999999999999 -386554.72460820334
0.36249999999999999 -386243.03880816157
0.36499999999999999 -385933.33133852464
0.36749999999999999 -385625.60062633822
0.37 -385319.84507572564
0.3725 -385016.06306700665
0.375 -384714.25295578496
0.3775 -384414.41307200101
0.38 -384116.54171895178
0.38250000000000001 -383820.63717227412
0.38500000000000001 -383526.69767889101
0.38750000000000001 -383234.72145592043
0.39000000000000001 -382944.70668954367
0.39250000000000002 -382656.6515338326
0.39500000000000002 -382370.5541095346
0.39750000000000002 -382086.41250281321
0.40000000000000002 -381804.22476394271
0.40250000000000002 -381523.98890595563
0.40500000000000003 -381245.70290324074
0.40749999999999997 -380969.36469008995
0.40999999999999998 -380694.97215919296
0.41249999999999998 -380422.52316007623
0.41499999999999998 -380152.01549748599
0.41749999999999998 -379883.44692971179
0.41999999999999998 -379616.81516684976
0.42249999999999999 -379352.11786900176
0.42499999999999999 -379089.35264440946
0.42749999999999999 -378828.51704752113
0.42999999999999999 -378569.60857698688
0.4325 -378312.6246735818
0.435 -378057.56271805317
0.4375 -377804.42002888938
0.44 -377553.19386000797
0.4425 -377303.88139835891
0.44500000000000001 -377056.47976144112
0.44750000000000001 -376810.98599472805
0.45000000000000001 -376567.39706900076
0.45250000000000001 -376325.7098775825
0.45500000000000002 -376085.921233473
0.45750000000000002 -375848.02786637959
0.46000000000000002 -375612.02641963842
0.46250000000000002 -375377.913447025
0.46499999999999997 -375145.68540944793
0.46749999999999997 -374915.33867152274
0.46999999999999997 -374686.86949802045
0.47249999999999998 -374460.27405018714
0.47499999999999998 -374235.54838192969
0.47749999999999998 -374012.68843586266
0.47999999999999998 -373791.69003921049
0.48249999999999998 -373572.54889956134
0.48499999999999999 -373355.26060046646
0.48749999999999999 -373139.82059687842
0.48999999999999999 -372926.22421042406
0.49249999999999999 -372714.46662450483
0.495 -372504.54287921899
0.4975 -372296.44786609936
0.5 -372090.17632265831
0.50249999999999995 -371885.72282673488
0.505 -371683.08179063629
0.50750000000000006 -371482.24745506578
0.51000000000000001 -371283.21388282924
0.51249999999999996 -371085.97495231265
0.51500000000000001 -370890.5243507225
0.51750000000000007 -370696.85556707939
0.52000000000000002 -370504.96188495745
0.52249999999999996 -370314.83637495787
0.52500000000000002 -370126.47188691015
0.52750000000000008 -369939.8610417876
0.53000000000000003 -369754.99622333015
0.53249999999999997 -369571.86956936051
0.53500000000000003 -369390.47296278522
0.53750000000000009 -369210.79802226753
0.54000000000000004 -369032.83609256055
0.54249999999999998 -368856.57823448867
0.54500000000000004 -368682.01521456405
0.5475000000000001 -368509.13749422453
0.55000000000000004 -368337.93521868018
0.55249999999999999 -368168.3982053537
0.55500000000000005 -368000.51593189908
0.55750000000000011 -367834.27752378501
0.56000000000000005 -367669.67174142494
0.5625 -367506.68696683977
0.56499999999999995 -367345.31118983327
0.56749999999999989 -367185.53199366567
0.56999999999999995 -367027.33654020401
0.57250000000000001 -366870.71155453264
0.57499999999999996 -366715.64330900303
0.5774999999999999 -366562.11760670238
0.57999999999999996 -366410.11976432073
0.58250000000000002 -366259.63459439337
0.58499999999999996 -366110.64638689731
0.58749999999999991 -365963.13889017684
0.58999999999999997 -365817.09529117512
0.59250000000000003 -365672.49819494452
0.59499999999999997 -365529.32960341283
0.59749999999999992 -365387.57089337369
0.59999999999999998 -365247.20279367728
0.60250000000000004 -365108.20536158961
0.60499999999999998 -364970.55795829068
0.60749999999999993 -364834.23922348046
0.60999999999999999 -364699.22704905999
0.61250000000000004 -364565.49855185382
0.61499999999999999 -364433.03004533966
0.61749999999999994 -364301.79701034678
0.62 -364171.77406468923
0.62250000000000005 -364042.93493169179
0.625 -363915.25240756955
0.62749999999999995 -363788.69832762063
0.63 -363663.24353118578
0.63250000000000006 -363538.85782533383
0.63500000000000001 -363415.50994722277
0.63749999999999996 -363293.16752509068
0.64000000000000001 -363171.79703782621
0.64250000000000007 -363051.36377306608
0.64500000000000002 -362931.83178376674
0.64749999999999996 -362813.16384319408
0.65000000000000002 -362695.32139827352
0.65250000000000008 -362578.26452124224
0.65500000000000003 -362461.95185953897
0.66000000000000003 -362231.38633438188
0.66500000000000004 -362003.26348499255
0.67000000000000004 -361777.19565009052
0.67500000000000004 -361552.76689117891
0.68000000000000005 -361329.53089388862
0.68999999999999995 -360884.6863542521
0.69499999999999995 -360662.01216657052
0.69999999999999996 -360438.39405467029
0.70499999999999996 -360213.19647444633
0.70999999999999996 -359985.73720974696
0.71249999999999991 -359870.93264424428
0.71499999999999997 -359755.2839093635
0.71750000000000003 -359638.69101736782
0.71999999999999997 -359521.05036716565
0.72249999999999992 -359402.25461266498
0.72499999999999998 -359282.19252633111
0.72750000000000004 -359160.74885777751
0.72999999999999998 -359037.80418720387
0.73249999999999993 -358913.23477349733
0.73499999999999999 -358786.91239680094
0.73750000000000004 -358658.70419534796
0.73999999999999999 -358528.47249635321
0.74249999999999994 -358396.07464074547
0.745 -358261.3628015159
0.74750000000000005 -358124.18379545037
0.75 -357984.37888800469
0.75124999999999997 -357913.44054915925
0.75249999999999995 -357841.78359107266
0.75374999999999992 -357769.38651935139
0.755 -357696.22745338915
0.75625000000000009 -357622.28411939548
0.75750000000000006 -357547.53384329804
0.75875000000000004 -357471.95354351675
0.76000000000000001 -357395.51972360857
0.76124999999999998 -357318.20846477762
0.76249999999999996 -357239.99541825202
0.76374999999999993 -357160.85579752206
0.76500000000000001 -357080.76437043847
0.7662500000000001 -356999.69545116823
0.76750000000000007 -356917.62289200543
0.76875000000000004 -356834.52007503336
0.77000000000000002 -356750.35990363738
0.77124999999999999 -356665.11479386396
0.77249999999999996 -356578.75666562328
0.77374999999999994 -356491.2569337344
0.77500000000000002 -356402.58649880736
0.77625000000000011 -356312.71573796164
0.77750000000000008 -356221.61449537671
0.77875000000000005 -356129.25207267236
0.78000000000000003 -356035.59721911483
0.78125 -355940.61812164698
0.78249999999999997 -355844.28239473765
0.78374999999999995 -355746.55707004858
0.78500000000000003 -355647.40858591447
0.78625000000000012 -355546.80277663271
0.78750000000000009 -355444.7048615613
0.78875000000000006 -355341.079434018
0.79000000000000004 -355235.89044998068
0.79125000000000001 -355129.10121658311
0.79249999999999998 -355020.67438040319
0.79374999999999996 -354910.57191553968
0.79500000000000004 -354798.75511147408
0.79625000000000012 -354685.18456071283
0.7975000000000001 -354569.82014620746
0.79875000000000007 -354452.62102854659
0.80000000000000004 -354333.54563291749
0.80125000000000002 -354212.55163583194
0.80249999999999999 -354089.59595161298
0.80374999999999996 -353964.63471863692
0.80500000000000005 -353837.62328532845
0.80625000000000013 -353708.51619590097
0.80750000000000011 -353577.26717584173
0.80875000000000008 -353443.8291171334
0.81000000000000005 -353308.1540632096
0.81125000000000003 -353170.19319363899
0.8125 -353029.89680853236
0.81374999999999997 -352887.21431266895
0.81499999999999995 -352742.09419933578
0.81624999999999992 -352594.48403387581
0.81749999999999989 -352444.33043693856
0.81874999999999987 -352291.57906742877
0.81999999999999995 -352136.17460514762
0.82125000000000004 -351978.0607331199
0.82250000000000001 -351817.18011960294
0.823125 -351735.68408664002
0.82374999999999998 -351653.47439977003
0.82437499999999997 -351570.54359891114
0.82499999999999996 -351486.8841570646
0.82562499999999994 -351402.48847971344
0.82624999999999993 -351317.34890421614
0.82687499999999992 -351231.45769919426
0.8274999999999999 -351144.80706391495
0.82812499999999989 -351057.38912766805
0.82874999999999988 -350969.19594913715
0.82937499999999997 -350880.21951576532
0.82999999999999996 -350790.45174311521
0.83062499999999995 -350699.88447422284
0.83125000000000004 -350608.50947894651
0.83187500000000003 -350516.31845330901
0.83250000000000002 -350423.30301883433
0.833125 -350329.45472187846
0.83374999999999999 -350234.76503295376
0.83437499999999998 -350139.2253460479
0.83499999999999996 -350042.8269779362
0.83562499999999995 -349945.56116748782
0.83624999999999994 -349847.41907496599
0.83687499999999992 -349748.39178132167
0.83749999999999991 -349648.47028748109
0.8381249999999999 -349547.64551362686
0.83874999999999988 -349445.90829847212
0.83937499999999998 -349343.24939852912
0.83999999999999997 -349239.65948737034
0.84062499999999996 -349135.12915488362
0.84125000000000005 -349029.64890652004
0.84187500000000004 -348923.20916253561
0.84250000000000003 -348815.80025722546
0.84312500000000001 -348707.41243815201
0.84375 -348598.03586536524
0.84437499999999999 -348487.66061061696
0.84499999999999997 -348376.27665656724
0.84562499999999996 -348263.87389598379
0.84624999999999995 -348150.44213093485
0.84687499999999993 -348035.97107197408
0.84749999999999992 -347920.45033731801
0.84812499999999991 -347803.86945201707
0.84874999999999989 -347686.21784711833
0.84937499999999999 -347567.48485882062
0.84999999999999998 -347447.65972762305
0.85062499999999996 -347326.73159746459
0.85125000000000006 -347204.68951485684
0.85187500000000005 -347081.52242800896
0.85250000000000004 -346957.21918594377
0.85312500000000002 -346831.76853760757
0.85375000000000001 -346705.15913097025
0.854375 -346577.37951211858
0.85499999999999998 -346448.41812434082
0.85562499999999997 -346318.26330720255
0.85624999999999996 -346186.90329561592
0.85687499999999994 -346054.32621889852
0.85749999999999993 -345920.52009982488
0.85812499999999992 -345785.47285366943
0.8587499999999999 -345649.17228724097
0.859375 -345511.60609790724
0.85999999999999999 -345372.76187261293
0.86062499999999997 -345232.62708688655
0.86125000000000007 -345091.18910384004
0.86187500000000006 -344948.43517315888
0.86250000000000004 -344804.35243008251
0.86312500000000003 -344658.92789437651
0.86375000000000002 -344512.14846929518
0.864375 -344364.00094053469
0.86499999999999999 -344214.47197517683
0.86562499999999998 -344063.54812062363
0.86624999999999996 -343911.2158035218
0.86687499999999995 -343757.46132867807
0.86749999999999994 -343602.27087796462
0.86812499999999992 -343445.63050921424
0.86874999999999991 -343287.52615510655
0.86937500000000001 -343127.94362204307
0.87 -342966.86858901283
0.87062499999999998 -342804.286606448
0.87125000000000008 -342640.18309506844
0.87187500000000007 -342474.54334471677
0.87250000000000005 -342307.3525131825
0.87312500000000004 -342138.59562501498
0.87375000000000003 -341968.25757032761
0.87437500000000001 -341796.32310358889
0.875 -341622.77684240416
0.87562499999999999 -341447.60326628631
0.87624999999999997 -341270.78671541496
0.87687499999999996 -341092.31138938438
0.87749999999999995 -340912.16134594072
0.87812499999999993 -340730.32049970765
0.87874999999999992 -340546.77262090071
0.87937500000000002 -340361.50133402925
0.88 -340174.49011658819
0.88062499999999999 -339985.72229773691
0.88125000000000009 -339795.18105696631
0.88187500000000008 -339602.8494227546
0.88250000000000006 -339408.71027121035
0.88312500000000005 -339212.74632470385
0.88375000000000004 -339014.94015048549
0.88437500000000002 -338815.27415929246
0.88500000000000001 -338613.73060394259
0.885625 -338410.29157791543
0.88624999999999998 -338204.93901392107
0.88687499999999997 -337997.65468245524
0.88749999999999996 -337788.4201903427
0.88812499999999994 -337577.21697926597
0.88874999999999993 -337364.0263242824
0.88937500000000003 -337148.82933232666
0.89000000000000001 -336931.60694070096
0.890625 -336712.33991555026
0.8912500000000001 -336491.00885032513
0.89187500000000008 -336267.59416423016
0.89250000000000007 -336042.07610065839
0.89312500000000006 -335814.43472561199
0.89375000000000004 -335584.64992610825
0.89437500000000003 -335352.70140857203
0.89500000000000002 -335118.56869721296
0.895625 -334882.23113238852
0.89624999999999999 -334643.66786895244
0.89687499999999998 -334402.8578745877
0.89749999999999996 -334159.7799281255
0.89812499999999995 -333914.41261784837
0.89874999999999994 -333666.7343397782
0.89937500000000004 -333416.72329594893
0.90000000000000002 -333164.35749266425
0.90062500000000001 -332909.6147387384
0.90125000000000011 -332652.4726437222
0.90187500000000009 -332392.90861611348
0.90250000000000008 -332130.89986154984
0.90312500000000007 -331866.42338098667
0.90375000000000005 -331599.45596885827
0.90437500000000004 -331329.97421122238
0.90500000000000003 -331057.95448388805
0.90562500000000001 -330783.37295052689
0.90625 -330506.20556076721
0.90687499999999999 -330226.42804827093
0.90749999999999997 -329944.01592879341
0.90781249999999991 -329801.81418004516
0.90812499999999996 -329658.94449822605
0.90843750000000001 -329515.40376064467
0.90874999999999995 -329371.18883062026
0.9090625 -329226.29655741982
0.90937500000000004 -329080.72377619531
0.90968749999999998 -328934.46730792057
0.91000000000000003 -328787.52395932708
0.91031250000000008 -328639.89052284113
0.91062500000000002 -328491.56377651897
0.91093750000000007 -328342.54048398219
0.91125000000000012 -328192.81739435432
0.91156250000000005 -328042.3912421944
0.9118750000000001 -327891.25874743221
0.91218750000000015 -327739.41661530308
0.91250000000000009 -327586.86153628153
0.91281250000000003 -327433.59018601553
0.91312500000000008 -327279.59922525939
0.91343750000000012 -327124.88529980788
0.91375000000000006 -326969.44504042855
0.9140625 -326813.27506279468
0.91437500000000005 -326656.37196741719
0.9146875000000001 -326498.73233957746
0.91500000000000004 -326340.35274925845
0.91531249999999997 -326181.22975107614
0.91562500000000002 -326021.35988421104
0.91593750000000007 -325860.73967233882
0.91625000000000001 -325699.36562356044
0.91656249999999995 -325537.23423033318
0.916875 -325374.34196939954
0.91718750000000004 -325210.68530171784
0.91749999999999998 -325046.26067239064
0.91781249999999992 -324881.06451059383
0.91812499999999997 -324715.0932295057
0.91843750000000002 -324548.34322623478
0.91874999999999996 -324380.8108817481
0.9190625 -324212.49256079848
0.91937500000000005 -324043.38461185229
0.91968749999999999 -323873.48336701642
0.92000000000000004 -323702.78514196427
0.92031250000000009 -323531.28623586305
0.92062500000000003 -323358.98293129937
0.92093750000000008 -323185.87149420474
0.92125000000000012 -323011.94817378122
0.92156250000000006 -322837.20920242637
0.92187500000000011 -322661.65079565765
0.92218750000000016 -322485.26915203733
0.9225000000000001 -322308.06045309623
0.92281250000000004 -322130.02086325682
0.92312500000000008 -321951.14652975753
0.92343750000000013 -321771.43358257518
0.92375000000000007 -321590.8781343475
0.92406250000000001 -321409.47628029587
0.92437500000000006 -321227.22409814672
0.92468750000000011 -321044.11764805345
0.92500000000000004 -320860.152972518
0.92531249999999998 -320675.32609631086
0.92562500000000003 -320489.63302639232
0.92593750000000008 -320303.0697518324
0.92625000000000002 -320115.63224373077
0.92656249999999996 -319927.31645513588
0.926875 -319738.11832096439
0.92718750000000005 -319548.03375791991
0.92749999999999999 -319357.05866441142
0.92781249999999993 -319165.18892047071
0.92812499999999998 -318972.42038767075
0.92843750000000003 -318778.74890904245
0.92874999999999996 -318584.17030899198
0.92906250000000001 -318388.68039321672
0.92937500000000006 -318192.27494862216
0.9296875 -317994.94974323694
0.93000000000000005 -317796.70052612858
0.9303125000000001 -317597.5230273187
0.93062500000000004 -317397.41295769747
0.93093750000000008 -317196.36600893742
0.93125000000000013 -316994.37785340811
0.93156250000000007 -316791.44414408918
0.93187500000000012 -316587.56051448337
0.93218750000000017 -316382.72257852933
0.93250000000000011 -316176.92593051429
0.93281250000000004 -315970.16614498536
0.93312500000000009 -315762.43877666112
0.93343750000000014 -315553.73936034355
0.93375000000000008 -315344.06341082772
0.93406250000000002 -315133.4064228129
0.93437500000000007 -314921.76387081179
0.93468750000000012 -314709.13120906084
0.93500000000000005 -314495.50387142901
0.93531249999999999 -314280.87727132608
0.93562500000000004 -314065.24680161127
0.93593750000000009 -313848.60783450183
0.93625000000000003 -313630.95572147926
0.93656249999999996 -313412.28579319722
0.93687500000000001 -313192.59335938771
0.93718750000000006 -312971.87370876793
0.9375 -312750.12210894562
0.93781249999999994 -312527.3338063244
0.93812499999999999 -312303.50402600848
0.93843750000000004 -312078.62797170854
0.93874999999999997 -311852.70082564407
0.93906249999999991 -311625.71774844843
0.93937499999999996 -311397.67387907085
0.93968750000000001 -311168.56433468044
0.93999999999999995 -310938.38421056839
0.94031249999999988 -310707.1285800488
0.94062499999999993 -310474.79249436117
0.94093749999999998 -310241.37098257185
0.94124999999999992 -310006.85905147338
0.94156249999999986 -309771.251685486
0.94187499999999991 -309534.54384655587
0.94218749999999996 -309296.73047405592
0.94249999999999989 -309057.806484684
0.94281249999999983 -308817.76677236066
0.94312499999999988 -308576.60620812804
0.94343749999999993 -308334.3196400468
0.94374999999999987 -308090.90189309319
0.94406249999999992 -307846.34776905575
0.94437499999999996 -307600.65204643115
0.9446874999999999 -307353.80948032002
0.94499999999999995 -307105.81480232172
0.9453125 -306856.66272042959
0.94562499999999994 -306606.3479189247
0.94593749999999999 -306354.86505826958
0.94625000000000004 -306102.20877500181
0.94656249999999997 -305848.3736816264
0.94687500000000002 -305593.35436650825
0.94718750000000007 -305337.14539376413
0.94750000000000001 -305079.74130315351
0.94781249999999995 -304821.13660997018
0.948125 -304561.3258049314
0.94843750000000004 -304300.3033540693
0.94874999999999998 -304038.06369861896
0.94906249999999992 -303774.60125490755
0.94937499999999997 -303509.91041424323
0.94968750000000002 -303243.98554280266
0.94999999999999996 -302976.82098151796
0.95031249999999989 -302708.41104596457
0.95062499999999994 -302438.75002624618
0.95093749999999999 -302167.83218688238
0.95124999999999993 -301895.65176669229
0.95156249999999987 -301622.20297868014
0.95187499999999992 -301347.48000991979
0.95218749999999996 -301071.47702143801
0.9524999999999999 -300794.18814809818
0.95281249999999984 -300515.60749848263
0.95312499999999989 -300235.72915477486
0.95343749999999994 -299954.54717264185
0.95374999999999988 -299672.05558111455
0.95406249999999992 -299388.24838246836
0.95437499999999997 -299103.11955210415
0.95468749999999991 -298816.66303842701
0.95499999999999996 -298528.87276272499
0.95531250000000001 -298239.74261904886
0.95562499999999995 -297949.2664740886
0.9559375 -297657.43816705164
0.95625000000000004 -297364.25150953943
0.95656249999999998 -297069.70028542355
0.95687500000000003 -296773.77825072169
0.95718750000000008 -296476.47913347295
0.95750000000000002 -296177.79663361172
0.95781249999999996 -295877.72442284273
0.958125 -295576.25614451343
0.95843750000000005 -295273.38541348773
0.95874999999999999 -294969.10581601853
0.95906249999999993 -294663.41090961813
0.95937499999999998 -294356.29422293103
0.95968750000000003 -294047.74925560359
0.95999999999999996 -293737.76947815408
0.9603124999999999 -293426.34833184292
0.96062499999999995 -293113.47922854027
0.9609375 -292799.15555059549
0.96124999999999994 -292483.37065070448
0.96156249999999988 -292166.11785177619
0.96187499999999992 -291847.39044679987
0.96218749999999997 -291527.18169871054
0.96249999999999991 -291205.48484025471
0.96281249999999985 -290882.29307385464
0.9631249999999999 -290557.59957147221
0.96343749999999995 -290231.3974744734
0.96374999999999988 -289903.67989349033
0.96406249999999993 -289574.4399082833
0.96437499999999998 -289243.67056760367
0.96468749999999992 -288911.36488905345
0.96499999999999997 -288577.51585894608
0.96531250000000002 -288242.11643216718
0.96562499999999996 -287905.15953203262
0.9659375 -287566.63805014675
0.96625000000000005 -287226.54484626179
0.96656249999999999 -286884.87274813373
0.96687500000000004 -286541.61455137888
0.96718750000000009 -286196.76301933103
0.96750000000000003 -285850.31088289566
0.96781249999999996 -285502.25084040494
0.96812500000000001 -285152.57555747178
0.96843750000000006 -284801.27766684286
0.96875 -284448.34976825258
0.96906249999999994 -284093.78442827286
0.96937499999999999 -283737.57418016647
0.96968750000000004 -283379.71152373723
0.96999999999999997 -283020.18892517948
0.97031249999999991 -282658.99881692813
0.97062499999999996 -282296.13359750679
0.97093750000000001 -281931.58563137607
0.97124999999999995 -281565.34724878147
0.97156249999999988 -281197.41074559878
0.97187499999999993 -280827.76838318066
0.97218749999999998 -280456.41238820273
0.97249999999999992 -280083.33495250676
0.97281249999999986 -279708.52823294559
0.97312499999999991 -279331.98435122531
0.97343749999999996 -278953.6953937487
0.97374999999999989 -278573.65341145702
0.97406249999999994 -278191.85041966988
0.97437499999999999 -277808.27839792677
0.97468749999999993 -277422.92928982677
0.97499999999999998 -277035.79500286619
0.97531250000000003 -276646.86740827787
0.97562499999999996 -276256.13834086905
0.97593750000000001 -275863.59959885624
0.97625000000000006 -275469.24294370337
0.9765625 -275073.06009995588
0.97687500000000005 -274675.0427550748
0.9771875000000001 -274275.18255927227
0.97750000000000004 -273873.47112534335
0.97781249999999997 -273469.9000284975
0.97812500000000002 -273064.46080619231
0.97843750000000007 -272657.14495796274
0.97875000000000001 -272247.94394525129
0.97906249999999995 -271836.84919123817
0.979375 -271423.85208066821
0.97968750000000004 -271008.94395968056
0.97999999999999998 -270592.11613563413
0.98031249999999992 -270173.35987693432
0.98062499999999997 -269752.66641285835
0.98093750000000002 -269330.02693338029
0.98124999999999996 -268905.43258899439
0.98156249999999989 -268478.8744905385
0.98187499999999994 -268050.3437090154
0.98218749999999999 -267619.83127541625
0.98249999999999993 -267187.32818053936
0.98281249999999987 -266752.82537481049
0.98312499999999992 -266316.3137681025
0.98343749999999996 -265877.78422955313
0.9837499999999999 -265437.22758738266
0.98406249999999995 -264994.6346287101
0.984375 -264549.99609936954
0.98468749999999994 -264103.30270372506
0.98499999999999999 -263654.5451044839
0.98531250000000004 -263203.71392251097
0.98562499999999997 -262750.79973664129
0.98593750000000002 -262295.7930834904
0.98609374999999999 -262067.50211278617
0.98625000000000007 -261838.68445726598
0.98640625000000004 -261609.33892204895
0.98656250000000001 -261379.4643095787
0.98671875000000009 -261149.05941961921
0.98687500000000006 -260918.12304924897
0.98703125000000003 -260686.65399285252
0.98718750000000011 -260454.65104211716
0.98734375000000008 -260222.11298602595
0.98750000000000004 -259989.03861085087
0.98765625000000001 -259755.42670014763
0.98781249999999998 -259521.27603474964
0.98796875000000006 -259286.58539276148
0.98812500000000003 -259051.35354955288
0.98828125 -258815.57927775278
0.98843750000000008 -258579.26134724307
0.98859375000000005 -258342.39852515241
0.98875000000000002 -258104.9895758502
0.98890624999999999 -257867.03326094055
0.98906249999999996 -257628.52833925516
0.98921875000000004 -257389.4735668482
0.989375 -257149.86769699049
0.98953124999999997 -256909.70948016108
0.98968750000000005 -256668.99766404321
0.98984375000000002 -256427.73099351765
0.98999999999999999 -256185.908210655
0.99015624999999996 -255943.52805471123
0.99031249999999993 -255700.58926212019
0.99046875000000001 -255457.0905664879
0.99062499999999998 -255213.03069858579
0.99078124999999995 -254968.40838634473
0.99093750000000003 -254723.22235484858
0.99109375 -254477.47132632753
0.99124999999999996 -254231.15402015208
0.99140624999999993 -253984.26915282654
0.9915624999999999 -253736.81543798221
0.99171874999999998 -253488.7915863714
0.99187499999999995 -253240.1963058617
0.99203124999999992 -252991.02830142743
0.9921875 -252741.28627514496
0.99234374999999997 -252490.96892618667
0.99249999999999994 -252240.07495081174
0.99265624999999991 -251988.60304236255
0.99281249999999988 -251736.55189125665
0.99296874999999996 -251483.92018498061
0.99312499999999992 -251230.7066080833
0.99328124999999989 -250976.90984216938
0.99343749999999997 -250722.5285658928
0.99359374999999994 -250467.56145495019
0.99374999999999991 -250212.00718207413
0.99390624999999999 -249955.86441702626
0.99406249999999996 -249699.13182659147
0.99421874999999993 -249441.80807457035
0.99437500000000001 -249183.89182177276
0.99453124999999998 -248925.38172601163
0.99468749999999995 -248666.27644209555
0.99484375000000003 -248406.57462182234
0.995 -248146.27491397253
0.99515624999999996 -247885.3759643021
0.99531250000000004 -247623.87641553633
0.99546875000000001 -247361.77490736241
0.99562499999999998 -247099.07007642312
0.99578125000000006 -246835.76055630969
0.99593750000000003 -246571.84497755516
0.99609375 -246307.32196762745
0.99625000000000008 -246042.19015092248
0.99640625000000005 -245776.44814875745
0.99656250000000002 -245510.09457936356
0.9967187500000001 -245243.12805787954
0.99687500000000007 -244975.54719634517
0.99703125000000004 -244707.35060369235
0.99718750000000012 -244438.53688574056
0.99734375000000008 -244169.10464518913
0.99750000000000005 -243899.05248160879
0.99765625000000002 -243628.37899143674
0.99781249999999999 -243357.08276796888
0.99796875000000007 -243085.16240135158
0.99812500000000004 -242812.6164785772
0.99828125000000001 -242539.4435834747
0.99843750000000009 -242265.64229670292
0.99859375000000006 -241991.21119574501
0.99875000000000003 -241716.14885490004
0.99890625 -241440.45384527525
0.99906249999999996 -241164.12473478049
0.99921875000000004 -240887.16008812017
0.99937500000000001 -240609.55846678678
0.99953124999999998 -240331.31842905201
0.99968750000000006 -240052.43852996136
0.99984375000000003 -239772.91732132697
1 -239492.75335171816
