# NMC diffusivity; sampled from pre-migration BESFEM model.
# concentration value; solver units (see ../README.md)
0 2.7699999999999997e-10
0.00062500000000000001 2.7647539179687498e-10
0.00125 2.7595156718750002e-10
0.0018749999999999999 2.7542852617187499e-10
0.0025000000000000001 2.7490626874999998e-10
0.0031250000000000002 2.7438479492187501e-10
0.0037499999999999999 2.7386410468750001e-10
0.0043750000000000004 2.73344198046875e-10
0.0050000000000000001 2.7282507499999996e-10
0.0056249999999999998 2.72306735546875e-10
0.0062500000000000003 2.7178917968749997e-10
0.006875 2.7127240742187497e-10
0.0074999999999999997 2.7075641875e-10
0.0081250000000000003 2.7024121367187501e-10
0.0087500000000000008 2.6972679218749999e-10
0.0093750000000000014 2.6921315429687501e-10
0.01 2.6870030000000001e-10
0.010624999999999999 2.6818822929687498e-10
0.01125 2.6767694218749998e-10
0.011875 2.6716643867187496e-10
0.012500000000000001 2.6665671875000003e-10
0.013125000000000001 2.6614778242187502e-10
0.01375 2.6563962968749999e-10
0.014374999999999999 2.6513226054687498e-10
0.014999999999999999 2.6462567500000001e-10
0.015625 2.6411987304687502e-10
0.016250000000000001 2.636148546875e-10
0.016875000000000001 2.6311061992187502e-10
0.017500000000000002 2.6260716875000001e-10
0.018125000000000002 2.6210450117187499e-10
0.018750000000000003 2.6160261718749999e-10
0.019375000000000003 2.6110151679687497e-10
0.02 2.6060119999999998e-10
0.020624999999999998 2.6010166679687497e-10
0.021249999999999998 2.5960291718749999e-10
0.021874999999999999 2.5910495117187504e-10
0.022499999999999999 2.5860776874999996e-10
0.023125 2.5811136992187502e-10
0.02375 2.576157546875e-10
0.024375000000000001 2.5712092304687502e-10
0.025000000000000001 2.5662687499999996e-10
0.025625000000000002 2.5613361054687498e-10
0.026250000000000002 2.5564112968749998e-10
0.026875000000000003 2.5514943242187501e-10
0.0275 2.5465851875000002e-10
0.028124999999999997 2.5416838867187501e-10
0.028749999999999998 2.5367904218749998e-10
0.029374999999999998 2.5319047929687497e-10
0.029999999999999999 2.527027e-10
0.030624999999999999 2.5221570429687495e-10
0.03125 2.5172949218750004e-10
0.031875000000000001 2.51244063671875e-10
0.032500000000000001 2.5075941874999999e-10
0.033125000000000002 2.5027555742187501e-10
0.033750000000000002 2.4979247968750001e-10
0.034375000000000003 2.4931018554687499e-10
0.035000000000000003 2.4882867499999995e-10
0.035625000000000004 2.4834794804687504e-10
0.036250000000000004 2.478680046875e-10
0.036875000000000005 2.47388844921875e-10
0.037500000000000006 2.4691046874999997e-10
0.038125000000000006 2.4643287617187498e-10
0.038750000000000007 2.4595606718750001e-10
0.039375000000000007 2.4548004179687502e-10
0.040000000000000001 2.4500480000000001e-10
0.040624999999999994 2.4453034179687498e-10
0.041249999999999995 2.4405666718749998e-10
0.041874999999999996 2.4358377617187501e-10
0.042499999999999996 2.4311166874999996e-10
0.043124999999999997 2.42640344921875e-10
0.043749999999999997 2.4216980468749997e-10
0.044374999999999998 2.4170004804687501e-10
0.044999999999999998 2.4123107500000004e-10
0.045624999999999999 2.4076288554687499e-10
0.046249999999999999 2.4029547968749997e-10
0.046875 2.3982885742187498e-10
0.047500000000000001 2.3936301875000002e-10
0.048125000000000001 2.3889796367187499e-10
0.048750000000000002 2.3843369218749999e-10
0.049375000000000002 2.3797020429687496e-10
0.050000000000000003 2.3750750000000002e-10
0.050625000000000003 2.37045579296875e-10
0.051250000000000004 2.3658444218749997e-10
0.051875000000000004 2.3612408867187501e-10
0.052500000000000005 2.3566451874999998e-10
0.053125000000000006 2.3520573242187499e-10
0.053750000000000006 2.3474772968749996e-10
0.054375000000000007 2.3429051054687497e-10
0.055 2.3383407499999996e-10
0.055624999999999994 2.3337842304687498e-10
0.056249999999999994 2.3292355468749998e-10
0.056874999999999995 2.3246946992187501e-10
0.057499999999999996 2.3201616874999998e-10
0.058124999999999996 2.3156365117187497e-10
0.058749999999999997 2.3111191718750001e-10
0.059374999999999997 2.30660966796875e-10
0.059999999999999998 2.302108e-10
0.060624999999999998 2.29761416796875e-10
0.061249999999999999 2.2931281718749997e-10
0.061874999999999999 2.2886500117187501e-10
0.0625 2.2841796874999997e-10
0.063125000000000001 2.2797171992187496e-10
0.063750000000000001 2.2752625468749996e-10
0.064375000000000002 2.2708157304687501e-10
0.065000000000000002 2.2663767500000001e-10
0.065625000000000003 2.2619456054687502e-10
0.066250000000000003 2.2575222968750001e-10
0.066875000000000004 2.2531068242187497e-10
0.067500000000000004 2.2486991874999997e-10
0.068125000000000005 2.2442993867187497e-10
0.068750000000000006 2.239907421875e-10
0.069375000000000006 2.2355232929687498e-10
0.070000000000000007 2.2311469999999999e-10
0.070625000000000007 2.2267785429687501e-10
0.071250000000000008 2.2224179218749998e-10
0.071875000000000008 2.2180651367187498e-10
0.072500000000000009 2.2137201874999998e-10
0.073125000000000009 2.2093830742187499e-10
0.07375000000000001 2.2050537968749997e-10
0.074375000000000011 2.2007323554687501e-10
0.075000000000000011 2.1964187500000001e-10
0.075625000000000012 2.1921129804687498e-10
0.076250000000000012 2.1878150468750001e-10
0.076875000000000013 2.1835249492187496e-10
0.077500000000000013 2.1792426874999997e-10
0.078125000000000014 2.1749682617187499e-10
0.078750000000000014 2.1707016718749996e-10
0.079375000000000001 2.1664429179687501e-10
0.080000000000000002 2.1621920000000001e-10
0.080625000000000002 2.1579489179687499e-10
0.081249999999999989 2.153713671875e-10
0.081874999999999989 2.1494862617187499e-10
0.08249999999999999 2.1452666875000003e-10
0.083124999999999991 2.14105494921875e-10
0.083749999999999991 2.136851046875e-10
0.084374999999999992 2.1326549804687498e-10
0.084999999999999992 2.1284667499999999e-10
0.085624999999999993 2.1242863554687498e-10
0.086249999999999993 2.1201137968750003e-10
0.086874999999999994 2.11594907421875e-10
0.087499999999999994 2.1117921875000002e-10
0.088124999999999995 2.10764313671875e-10
0.088749999999999996 2.1035019218749999e-10
0.089374999999999996 2.09936854296875e-10
0.089999999999999997 2.0952429999999999e-10
0.090624999999999997 2.0911252929687499e-10
0.091249999999999998 2.0870154218749996e-10
0.091874999999999998 2.0829133867187499e-10
0.092499999999999999 2.0788191875e-10
0.093124999999999999 2.0747328242187499e-10
0.09375 2.0706542968749998e-10
0.094375000000000001 2.0665836054687498e-10
0.095000000000000001 2.06252075e-10
0.095625000000000002 2.0584657304687498e-10
0.096250000000000002 2.0544185468750001e-10
0.096875000000000003 2.0503791992187497e-10
0.097500000000000003 2.0463476875000002e-10
0.098125000000000004 2.0423240117187496e-10
0.098750000000000004 2.0383081718749998e-10
0.099375000000000005 2.0343001679687496e-10
0.10000000000000001 2.0303e-10
0.10062500000000001 2.0263076679687498e-10
0.10125000000000001 2.022323171875e-10
0.10187500000000001 2.0183465117187502e-10
0.10250000000000001 2.0143776874999994e-10
0.10312500000000001 2.0104166992187499e-10
0.10375000000000001 2.0064635468749998e-10
0.10437500000000001 2.0025182304687501e-10
0.10500000000000001 1.9985807499999998e-10
0.10562500000000001 1.9946511054687497e-10
0.10625000000000001 1.9907292968750002e-10
0.10687500000000001 1.9868153242187494e-10
0.10750000000000001 1.9829091875e-10
0.10812500000000001 1.9790108867187496e-10
0.10875000000000001 1.975120421875e-10
0.109375 1.9712377929687497e-10
0.11 1.9673629999999997e-10
0.110625 1.9634960429687502e-10
0.11124999999999999 1.959636921875e-10
0.11187499999999999 1.9557856367187499e-10
0.11249999999999999 1.9519421874999997e-10
0.11312499999999999 1.9481065742187499e-10
0.11374999999999999 1.9442787968749999e-10
0.11437499999999999 1.9404588554687499e-10
0.11499999999999999 1.9366467500000002e-10
0.11562499999999999 1.9328424804687498e-10
0.11624999999999999 1.929046046875e-10
0.11687499999999999 1.9252574492187501e-10
0.11749999999999999 1.9214766874999998e-10
0.11812499999999999 1.9177037617187496e-10
0.11874999999999999 1.9139386718749999e-10
0.119375 1.91018141796875e-10
0.12 1.9064319999999996e-10
0.120625 1.9026904179687498e-10
0.12125 1.898956671875e-10
0.121875 1.8952307617187497e-10
0.1225 1.8915126874999998e-10
0.123125 1.8878024492187499e-10
0.12375 1.884100046875e-10
0.124375 1.8804054804687499e-10
0.125 1.8767187500000001e-10
0.12562499999999999 1.8730398554687501e-10
0.12625 1.8693687968749999e-10
0.12687500000000002 1.8657055742187495e-10
0.1275 1.8620501874999998e-10
0.12812499999999999 1.85840263671875e-10
0.12875 1.8547629218749997e-10
0.12937500000000002 1.8511310429687497e-10
0.13 1.8475069999999997e-10
0.13062499999999999 1.8438907929687498e-10
0.13125000000000001 1.8402824218749997e-10
0.13187500000000002 1.8366818867187498e-10
0.13250000000000001 1.8330891874999998e-10
0.13312499999999999 1.8295043242187498e-10
0.13375000000000001 1.8259272968749998e-10
0.13437500000000002 1.8223581054687496e-10
0.13500000000000001 1.81879675e-10
0.135625 1.8152432304687501e-10
0.13625000000000001 1.8116975468749998e-10
0.13687500000000002 1.8081596992187498e-10
0.13750000000000001 1.8046296875000001e-10
0.138125 1.8011075117187501e-10
0.13875000000000001 1.7975931718749997e-10
0.13937500000000003 1.7940866679687499e-10
0.14000000000000001 1.7905879999999995e-10
0.140625 1.78709716796875e-10
0.14125000000000001 1.7836141718749998e-10
0.14187500000000003 1.7801390117187501e-10
0.14250000000000002 1.7766716874999999e-10
0.143125 1.7732121992187496e-10
0.14375000000000002 1.7697605468749995e-10
0.14437500000000003 1.7663167304687497e-10
0.14500000000000002 1.7628807499999997e-10
0.145625 1.7594526054687501e-10
0.14625000000000002 1.7560322968749996e-10
0.14687500000000003 1.7526198242187495e-10
0.14750000000000002 1.7492151874999997e-10
0.14812500000000001 1.7458183867187499e-10
0.14874999999999999 1.7424294218749997e-10
0.14937499999999998 1.73904829296875e-10
0.14999999999999999 1.7356749999999998e-10
0.15062500000000001 1.7323095429687497e-10
0.15125 1.7289519218749998e-10
0.15187499999999998 1.7256021367187501e-10
0.1525 1.7222601875000001e-10
0.15312500000000001 1.7189260742187496e-10
0.15375 1.7155997968749997e-10
0.15437499999999998 1.7122813554687498e-10
0.155 1.70897075e-10
0.15562500000000001 1.7056679804687497e-10
0.15625 1.7023730468749999e-10
0.15687499999999999 1.69908594921875e-10
0.1575 1.6958066874999998e-10
0.15812500000000002 1.6925352617187496e-10
0.15875 1.6892716718750001e-10
0.15937499999999999 1.6860159179687498e-10
0.16 1.6827679999999997e-10
0.16062500000000002 1.6795279179687498e-10
0.16125 1.6762956718750001e-10
0.16187499999999999 1.6730712617187497e-10
0.16250000000000001 1.6698546874999999e-10
0.16312500000000002 1.6666459492187498e-10
0.16375000000000001 1.6634450468750001e-10
0.16437499999999999 1.6602519804687501e-10
0.16500000000000001 1.6570667499999996e-10
0.16562500000000002 1.6538893554687497e-10
0.16625000000000001 1.6507197968749999e-10
0.166875 1.6475580742187498e-10
0.16750000000000001 1.6444041874999998e-10
0.16812500000000002 1.6412581367187498e-10
0.16875000000000001 1.6381199218749996e-10
0.169375 1.6349895429687497e-10
0.17000000000000001 1.6318669999999996e-10
0.17062500000000003 1.6287522929687496e-10
0.17125000000000001 1.6256454218749998e-10
0.171875 1.6225463867187498e-10
0.17249999999999999 1.6194551874999999e-10
0.17312499999999997 1.61637182421875e-10
0.17374999999999999 1.6132962968749999e-10
0.174375 1.6102286054687498e-10
0.17499999999999999 1.60716875e-10
0.17562499999999998 1.60411673046875e-10
0.17624999999999999 1.6010725468749998e-10
0.176875 1.5980361992187496e-10
0.17749999999999999 1.5950076875e-10
0.17812499999999998 1.59198701171875e-10
0.17874999999999999 1.5889741718749999e-10
0.17937500000000001 1.5859691679687499e-10
0.17999999999999999 1.582972e-10
0.18062499999999998 1.5799826679687501e-10
0.18124999999999999 1.5770011718749997e-10
0.18187500000000001 1.5740275117187499e-10
0.1825 1.5710616875000001e-10
0.18312499999999998 1.5681036992187501e-10
0.18375 1.5651535468749999e-10
0.18437500000000001 1.5622112304687499e-10
0.185 1.5592767499999998e-10
0.18562499999999998 1.5563501054687497e-10
0.18625 1.5534312968749999e-10
0.18687500000000001 1.5505203242187497e-10
0.1875 1.5476171875e-10
0.18812499999999999 1.5447218867187498e-10
0.18875 1.5418344218749999e-10
0.18937500000000002 1.5389547929687498e-10
0.19 1.5360829999999998e-10
0.19062499999999999 1.53321904296875e-10
0.19125 1.5303629218749998e-10
0.19187500000000002 1.5275146367187496e-10
0.1925 1.5246741875e-10
0.19312499999999999 1.5218415742187499e-10
0.19375000000000001 1.5190167968749998e-10
0.19437500000000002 1.5161998554687498e-10
0.19500000000000001 1.5133907499999998e-10
0.19562499999999999 1.5105894804687499e-10
0.19625000000000001 1.5077960468749995e-10
0.19687500000000002 1.5050104492187496e-10
0.19750000000000001 1.5022326874999998e-10
0.198125 1.4994627617187498e-10
0.19875000000000001 1.4967006718749998e-10
0.19937500000000002 1.4939464179687496e-10
0.20000000000000001 1.4911999999999997e-10
0.200625 1.4884614179687499e-10
0.20125000000000001 1.4857306718749995e-10
0.20187500000000003 1.4830077617187495e-10
0.20250000000000001 1.4802926874999998e-10
0.203125 1.4775854492187498e-10
0.20375000000000001 1.4748860468749999e-10
0.20437500000000003 1.4721944804687498e-10
0.20500000000000002 1.4695107499999997e-10
0.205625 1.46683485546875e-10
0.20625000000000002 1.4641667968749997e-10
0.20687500000000003 1.4615065742187495e-10
0.20750000000000002 1.4588541874999999e-10
0.208125 1.4562096367187497e-10
0.20874999999999999 1.4535729218749997e-10
0.20937499999999998 1.4509440429687499e-10
0.20999999999999999 1.4483229999999999e-10
0.21062500000000001 1.4457097929687497e-10
0.21124999999999999 1.4431044218749998e-10
0.21187499999999998 1.4405068867187496e-10
0.21249999999999999 1.4379171874999998e-10
0.21312500000000001 1.4353353242187498e-10
0.21375 1.4327612968749998e-10
0.21437499999999998 1.4301951054687498e-10
0.215 1.4276367499999999e-10
0.21562500000000001 1.4250862304687498e-10
0.21625 1.4225435468749999e-10
0.21687499999999998 1.4200086992187499e-10
0.2175 1.4174816874999999e-10
0.21812500000000001 1.4149625117187499e-10
0.21875 1.4124511718749997e-10
0.21937499999999999 1.4099476679687501e-10
0.22 1.407452e-10
0.22062500000000002 1.4049641679687497e-10
0.22125 1.4024841718749997e-10
0.22187499999999999 1.4000120117187497e-10
0.2225 1.3975476874999998e-10
0.22312500000000002 1.3950911992187499e-10
0.22375 1.3926425468749998e-10
0.22437499999999999 1.39020173046875e-10
0.22500000000000001 1.38776875e-10
0.22562500000000002 1.3853436054687497e-10
0.22625000000000001 1.3829262968749998e-10
0.22687499999999999 1.3805168242187497e-10
0.22750000000000001 1.3781151874999998e-10
0.22812500000000002 1.3757213867187497e-10
0.22875000000000001 1.3733354218749997e-10
0.229375 1.37095729296875e-10
0.23000000000000001 1.3685870000000001e-10
0.23062500000000002 1.3662245429687496e-10
0.23125000000000001 1.3638699218749998e-10
0.231875 1.3615231367187497e-10
0.23249999999999998 1.3591841874999999e-10
0.23312499999999997 1.3568530742187497e-10
0.23374999999999999 1.3545297968749998e-10
0.234375 1.3522143554687499e-10
0.23499999999999999 1.3499067499999997e-10
0.23562499999999997 1.3476069804687502e-10
0.23624999999999999 1.3453150468749999e-10
0.236875 1.3430309492187496e-10
0.23749999999999999 1.3407546874999999e-10
0.23812499999999998 1.3384862617187498e-10
0.23874999999999999 1.3362256718749999e-10
0.239375 1.3339729179687498e-10
0.23999999999999999 1.3317279999999998e-10
0.24062499999999998 1.32949091796875e-10
0.24124999999999999 1.3272616718749998e-10
0.24187500000000001 1.3250402617187497e-10
0.24249999999999999 1.3228266874999998e-10
0.24312499999999998 1.32062094921875e-10
0.24374999999999999 1.3184230468749999e-10
0.24437500000000001 1.3162329804687497e-10
0.245 1.3140507499999997e-10
0.24562499999999998 1.31187635546875e-10
0.24625 1.3097097968749996e-10
0.24687500000000001 1.3075510742187498e-10
0.2475 1.3054001875e-10
0.24812499999999998 1.30325713671875e-10
0.24875 1.3011219218749998e-10
0.24937500000000001 1.2989945429687499e-10
0.25 1.2968749999999997e-10
0.25062499999999999 1.2947632929687499e-10
0.25124999999999997 1.2926594218749998e-10
0.25187499999999996 1.2905633867187498e-10
0.2525 1.2884751874999996e-10
0.25312500000000004 1.2863948242187497e-10
0.25375000000000003 1.2843222968749995e-10
0.25437500000000002 1.2822576054687497e-10
0.255 1.2802007499999996e-10
0.25562499999999999 1.2781517304687496e-10
0.25624999999999998 1.2761105468749999e-10
0.25687499999999996 1.2740771992187497e-10
0.25750000000000001 1.2720516874999995e-10
0.25812500000000005 1.2700340117187497e-10
0.25875000000000004 1.2680241718749996e-10
0.25937500000000002 1.2660221679687496e-10
0.26000000000000001 1.2640279999999996e-10
0.260625 1.2620416679687497e-10
0.26124999999999998 1.2600631718749998e-10
0.26187499999999997 1.2580925117187496e-10
0.26250000000000001 1.2561296874999996e-10
0.26312500000000005 1.2541746992187495e-10
0.26375000000000004 1.2522275468749996e-10
0.26437500000000003 1.2502882304687496e-10
0.26500000000000001 1.2483567499999997e-10
0.265625 1.2464331054687496e-10
0.26624999999999999 1.2445172968749998e-10
0.26687499999999997 1.24260932421875e-10
0.26750000000000002 1.2407091874999995e-10
0.26812500000000006 1.2388168867187493e-10
0.26875000000000004 1.2369324218749996e-10
0.26937500000000003 1.2350557929687495e-10
0.27000000000000002 1.2331869999999999e-10
0.270625 1.2313260429687496e-10
0.27124999999999999 1.2294729218749999e-10
0.27187499999999998 1.2276276367187499e-10
0.27250000000000002 1.2257901874999995e-10
0.27312500000000006 1.2239605742187494e-10
0.27375000000000005 1.2221387968749998e-10
0.27437500000000004 1.2203248554687495e-10
0.27500000000000002 1.2185187499999998e-10
0.27562500000000001 1.2167204804687495e-10
0.27625 1.2149300468749999e-10
0.27687499999999998 1.21314744921875e-10
0.27750000000000002 1.2113726874999996e-10
0.27812500000000007 1.2096057617187493e-10
0.27875000000000005 1.2078466718749996e-10
0.27937500000000004 1.2060954179687494e-10
0.28000000000000003 1.2043519999999997e-10
0.28062500000000001 1.2026164179687495e-10
0.28125 1.200888671875e-10
0.28187499999999999 1.1991687617187499e-10
0.28250000000000003 1.1974566874999996e-10
0.28312500000000007 1.1957524492187494e-10
0.28375000000000006 1.1940560468749997e-10
0.28437500000000004 1.1923674804687496e-10
0.28500000000000003 1.1906867499999997e-10
0.28562500000000002 1.1890138554687497e-10
0.28625 1.1873487968749999e-10
0.28687499999999999 1.1856915742187499e-10
0.28749999999999998 1.1840421874999997e-10
0.28812499999999996 1.1824006367187498e-10
0.28874999999999995 1.1807669218749997e-10
0.28937499999999994 1.1791410429687499e-10
0.28999999999999998 1.1775229999999999e-10
0.29062500000000002 1.1759127929687497e-10
0.29125000000000001 1.174310421875e-10
0.291875 1.1727158867187498e-10
0.29249999999999998 1.1711291874999997e-10
0.29312499999999997 1.1695503242187499e-10
0.29374999999999996 1.1679792968749999e-10
0.29437499999999994 1.1664161054687501e-10
0.29499999999999998 1.1648607499999999e-10
0.29562500000000003 1.1633132304687496e-10
0.29625000000000001 1.1617735468749996e-10
0.296875 1.1602416992187498e-10
0.29749999999999999 1.1587176874999995e-10
0.29812499999999997 1.1572015117187499e-10
0.29874999999999996 1.1556931718749997e-10
0.29937499999999995 1.1541926679687498e-10
0.29999999999999999 1.1526999999999998e-10
0.30062500000000003 1.1512151679687497e-10
0.30125000000000002 1.1497381718749997e-10
0.301875 1.1482690117187498e-10
0.30249999999999999 1.1468076874999997e-10
0.30312499999999998 1.1453541992187498e-10
0.30374999999999996 1.1439085468749997e-10
0.30437499999999995 1.1424707304687501e-10
0.30499999999999999 1.1410407499999999e-10
0.30562500000000004 1.1396186054687497e-10
0.30625000000000002 1.1382042968749996e-10
0.30687500000000001 1.1367978242187496e-10
0.3075 1.1353991874999995e-10
0.30812499999999998 1.1340083867187498e-10
0.30874999999999997 1.1326254218749999e-10
0.30937499999999996 1.13125029296875e-10
0.31 1.1298829999999998e-10
0.31062500000000004 1.1285235429687497e-10
0.31125000000000003 1.1271719218749996e-10
0.31187500000000001 1.1258281367187496e-10
0.3125 1.1244921874999998e-10
0.31312499999999999 1.12316407421875e-10
0.31374999999999997 1.1218437968749998e-10
0.31437499999999996 1.12053135546875e-10
0.315 1.1192267499999997e-10
0.31562500000000004 1.1179299804687496e-10
0.31625000000000003 1.1166410468749996e-10
0.31687500000000002 1.1153599492187498e-10
0.3175 1.1140866874999996e-10
0.31812499999999999 1.1128212617187498e-10
0.31874999999999998 1.1115636718749997e-10
0.31937499999999996 1.1103139179687499e-10
0.32000000000000001 1.1090719999999998e-10
0.32062500000000005 1.1078379179687497e-10
0.32125000000000004 1.1066116718749997e-10
0.32187500000000002 1.1053932617187499e-10
0.32250000000000001 1.1041826874999997e-10
0.323125 1.10297994921875e-10
0.32374999999999998 1.1017850468749996e-10
0.32437499999999997 1.10059798046875e-10
0.32500000000000001 1.0994187499999999e-10
0.32562500000000005 1.0982473554687497e-10
0.32625000000000004 1.0970837968749996e-10
0.32687500000000003 1.0959280742187499e-10
0.32750000000000001 1.0947801874999997e-10
0.328125 1.0936401367187499e-10
0.32874999999999999 1.0925079218749998e-10
0.32937499999999997 1.0913835429687496e-10
0.33000000000000002 1.0902670000000001e-10
0.33062500000000006 1.0891582929687498e-10
0.33125000000000004 1.0880574218749996e-10
0.33187500000000003 1.0869643867187499e-10
0.33250000000000002 1.0858791874999998e-10
0.333125 1.0848018242187501e-10
0.33374999999999999 1.0837322968749999e-10
0.33437499999999998 1.0826706054687497e-10
0.33500000000000002 1.08161675e-10
0.33562500000000006 1.0805707304687498e-10
0.33625000000000005 1.0795325468749995e-10
0.33687500000000004 1.0785021992187498e-10
0.33750000000000002 1.0774796874999996e-10
0.33812500000000001 1.0764650117187495e-10
0.33875 1.0754581718749997e-10
0.33937499999999998 1.0744591679687495e-10
0.34000000000000002 1.0734679999999995e-10
0.34062500000000007 1.0724846679687497e-10
0.34125000000000005 1.0715091718749997e-10
0.34187500000000004 1.0705415117187499e-10
0.34250000000000003 1.0695816874999997e-10
0.34312500000000001 1.0686296992187495e-10
0.34375 1.0676855468749996e-10
0.34437499999999999 1.0667492304687497e-10
0.34499999999999997 1.0658207499999997e-10
0.34562499999999996 1.0649001054687496e-10
0.34624999999999995 1.0639872968749999e-10
0.34687499999999993 1.0630823242187497e-10
0.34749999999999998 1.0621851874999996e-10
0.34812500000000002 1.0612958867187497e-10
0.34875 1.0604144218749998e-10
0.34937499999999999 1.0595407929687497e-10
0.34999999999999998 1.058675e-10
0.35062499999999996 1.0578170429687498e-10
0.35124999999999995 1.056966921875e-10
0.35187499999999994 1.0561246367187498e-10
0.35249999999999998 1.0552901874999997e-10
0.35312500000000002 1.0544635742187495e-10
0.35375000000000001 1.0536447968749998e-10
0.354375 1.0528338554687497e-10
0.35499999999999998 1.0520307499999999e-10
0.35562499999999997 1.0512354804687497e-10
0.35624999999999996 1.0504480468749999e-10
0.35687499999999994 1.0496684492187498e-10
0.35749999999999998 1.0488966874999997e-10
0.35812500000000003 1.0481327617187498e-10
0.35875000000000001 1.047376671875e-10
0.359375 1.0466284179687497e-10
0.35999999999999999 1.0458879999999999e-10
0.36062499999999997 1.0451554179687497e-10
0.36124999999999996 1.044430671875e-10
0.36187499999999995 1.0437137617187498e-10
0.36249999999999999 1.0430046874999999e-10
0.36312500000000003 1.0423034492187495e-10
0.36375000000000002 1.0416100468749996e-10
0.364375 1.0409244804687496e-10
0.36499999999999999 1.0402467499999998e-10
0.36562499999999998 1.0395768554687495e-10
0.36624999999999996 1.0389147968749998e-10
0.36687499999999995 1.0382605742187497e-10
0.36749999999999999 1.0376141874999996e-10
0.36812500000000004 1.0369756367187497e-10
0.36875000000000002 1.0363449218749998e-10
0.36937500000000001 1.0357220429687496e-10
0.37 1.0351069999999999e-10
0.37062499999999998 1.0344997929687498e-10
0.37124999999999997 1.0339004218749994e-10
0.37187499999999996 1.0333088867187499e-10
0.3725 1.0327251875000001e-10
0.37312500000000004 1.03214932421875e-10
0.37375000000000003 1.0315812968749994e-10
0.37437500000000001 1.0310211054687498e-10
0.375 1.0304687499999999e-10
0.37562499999999999 1.0299242304687495e-10
0.37624999999999997 1.0293875468749996e-10
0.37687499999999996 1.0288586992187498e-10
0.3775 1.0283376874999998e-10
0.37812500000000004 1.0278245117187498e-10
0.37875000000000003 1.0273191718749999e-10
0.37937500000000002 1.0268216679687494e-10
0.38 1.0263319999999996e-10
0.38062499999999999 1.0258501679687499e-10
0.38124999999999998 1.0253761718750001e-10
0.38187499999999996 1.0249100117187495e-10
0.38250000000000001 1.0244516874999995e-10
0.38312500000000005 1.0240011992187501e-10
0.38375000000000004 1.0235585468749995e-10
0.38437500000000002 1.0231237304687498e-10
0.38500000000000001 1.02269675e-10
0.385625 1.0222776054687496e-10
0.38624999999999998 1.0218662968749997e-10
0.38687499999999997 1.0214628242187499e-10
0.38750000000000001 1.0210671874999996e-10
0.38812500000000005 1.0206793867187496e-10
0.38875000000000004 1.0202994218749998e-10
0.38937500000000003 1.0199272929687492e-10
0.39000000000000001 1.0195629999999996e-10
0.390625 1.0192065429687496e-10
0.39124999999999999 1.0188579218749999e-10
0.39187499999999997 1.0185171367187493e-10
0.39250000000000002 1.0181841874999994e-10
0.39312500000000006 1.0178590742187493e-10
0.39375000000000004 1.0175417968749995e-10
0.39437500000000003 1.0172323554687498e-10
0.39500000000000002 1.0169307499999998e-10
0.395625 1.0166369804687496e-10
0.39624999999999999 1.0163510468749995e-10
0.39687499999999998 1.0160729492187496e-10
0.39750000000000002 1.0158026874999997e-10
0.39812500000000006 1.0155402617187497e-10
0.39875000000000005 1.0152856718749999e-10
0.39937500000000004 1.0150389179687494e-10
0.40000000000000002 1.0147999999999997e-10
0.40062500000000001 1.0145689179687498e-10
0.40125 1.0143456718749999e-10
0.40187499999999998 1.0141302617187494e-10
0.40250000000000002 1.0139226874999995e-10
0.40312500000000007 1.0137229492187493e-10
0.40375000000000005 1.0135310468749996e-10
0.40437500000000004 1.0133469804687501e-10
0.40500000000000003 1.01317075e-10
0.40562500000000001 1.0130023554687495e-10
0.40625 1.0128417968749997e-10
0.40687499999999999 1.0126890742187498e-10
0.40749999999999997 1.0125441875000002e-10
0.40812499999999996 1.0124071367187494e-10
0.40874999999999995 1.0122779218749999e-10
0.40937499999999993 1.01215654296875e-10
0.40999999999999998 1.012043e-10
0.41062500000000002 1.0119372929687498e-10
0.41125 1.011839421875e-10
0.41187499999999999 1.0117493867187498e-10
0.41249999999999998 1.0116671874999997e-10
0.41312499999999996 1.0115928242187499e-10
0.41374999999999995 1.0115262968749994e-10
0.41437499999999994 1.0114676054687498e-10
0.41499999999999998 1.0114167499999994e-10
0.41562500000000002 1.0113737304687496e-10
0.41625000000000001 1.0113385468749997e-10
0.416875 1.0113111992187497e-10
0.41749999999999998 1.0112916874999992e-10
0.41812499999999997 1.0112800117187494e-10
0.41874999999999996 1.0112761718749996e-10
0.41937499999999994 1.0112801679687499e-10
0.41999999999999998 1.0112919999999998e-10
0.42062500000000003 1.0113116679687499e-10
0.42125000000000001 1.0113391718749993e-10
0.421875 1.0113745117187497e-10
0.42249999999999999 1.0114176874999996e-10
0.42312499999999997 1.01146869921875e-10
0.42374999999999996 1.0115275468749994e-10
0.42437499999999995 1.0115942304687497e-10
0.42499999999999999 1.0116687499999996e-10
0.42562500000000003 1.0117511054687497e-10
0.42625000000000002 1.0118412968749998e-10
0.426875 1.0119393242187501e-10
0.42749999999999999 1.0120451874999995e-10
0.42812499999999998 1.0121588867187496e-10
0.42874999999999996 1.0122804218749997e-10
0.42937499999999995 1.01240979296875e-10
0.42999999999999999 1.0125470000000001e-10
0.43062500000000004 1.0126920429687499e-10
0.43125000000000002 1.0128449218749996e-10
0.43187500000000001 1.0130056367187498e-10
0.4325 1.0131741875e-10
0.43312499999999998 1.01335057421875e-10
0.43374999999999997 1.0135347968749996e-10
0.43437499999999996 1.0137268554687495e-10
0.435 1.0139267499999997e-10
0.43562500000000004 1.0141344804687494e-10
0.43625000000000003 1.0143500468749997e-10
0.43687500000000001 1.0145734492187499e-10
0.4375 1.0148046874999994e-10
0.43812499999999999 1.0150437617187498e-10
0.43874999999999997 1.0152906718750001e-10
0.43937499999999996 1.0155454179687502e-10
0.44 1.015808e-10
0.44062500000000004 1.01607841796875e-10
0.44125000000000003 1.0163566718749992e-10
0.44187500000000002 1.0166427617187495e-10
0.4425 1.0169366874999995e-10
0.44312499999999999 1.0172384492187499e-10
0.44374999999999998 1.0175480468749994e-10
0.44437499999999996 1.0178654804687496e-10
0.44500000000000001 1.0181907499999997e-10
0.44562500000000005 1.0185238554687497e-10
0.44625000000000004 1.0188647968749999e-10
0.44687500000000002 1.0192135742187501e-10
0.44750000000000001 1.0195701874999994e-10
0.448125 1.0199346367187497e-10
0.44874999999999998 1.020306921875e-10
0.44937499999999997 1.0206870429687501e-10
0.45000000000000001 1.0210750000000001e-10
0.45062500000000005 1.0214707929687501e-10
0.45125000000000004 1.0218744218749996e-10
0.45187500000000003 1.0222858867187498e-10
0.45250000000000001 1.0227051874999997e-10
0.453125 1.02313232421875e-10
0.45374999999999999 1.0235672968749995e-10
0.45437499999999997 1.0240101054687496e-10
0.45500000000000002 1.0244607499999996e-10
0.45562500000000006 1.0249192304687499e-10
0.45625000000000004 1.0253855468750001e-10
0.45687500000000003 1.0258596992187501e-10
0.45750000000000002 1.0263416874999997e-10
0.458125 1.0268315117187499e-10
0.45874999999999999 1.0273291718750002e-10
0.45937499999999998 1.0278346679687494e-10
0.46000000000000002 1.0283480000000001e-10
0.46062500000000006 1.02886916796875e-10
0.46125000000000005 1.0293981718749995e-10
0.46187500000000004 1.0299350117187494e-10
0.46250000000000002 1.0304796874999998e-10
0.46312500000000001 1.0310321992187493e-10
0.46375 1.0315925468749994e-10
0.46437499999999998 1.0321607304687494e-10
0.46499999999999997 1.03273675e-10
0.46562499999999996 1.0333206054687496e-10
0.46624999999999994 1.0339122968749996e-10
0.46687499999999993 1.03451182421875e-10
0.46749999999999997 1.0351191874999995e-10
0.46812500000000001 1.0357343867187498e-10
0.46875 1.0363574218749998e-10
0.46937499999999999 1.0369882929687494e-10
0.46999999999999997 1.0376269999999993e-10
0.47062499999999996 1.0382735429687494e-10
0.47124999999999995 1.0389279218749999e-10
0.47187499999999993 1.0395901367187492e-10
0.47249999999999998 1.0402601874999993e-10
0.47312500000000002 1.0409380742187495e-10
0.47375 1.0416237968749995e-10
0.47437499999999999 1.0423173554687499e-10
0.47499999999999998 1.0430187500000001e-10
0.47562499999999996 1.0437279804687495e-10
0.47624999999999995 1.0444450468749995e-10
0.47687499999999994 1.0451699492187497e-10
0.47749999999999998 1.0459026874999995e-10
0.47812500000000002 1.0466432617187497e-10
0.47875000000000001 1.0473916718750001e-10
0.479375 1.0481479179687496e-10
0.47999999999999998 1.0489119999999998e-10
0.48062499999999997 1.0496839179687499e-10
0.48124999999999996 1.0504636718749998e-10
0.48187499999999994 1.0512512617187494e-10
0.48249999999999998 1.0520466874999996e-10
0.48312500000000003 1.0528499492187495e-10
0.48375000000000001 1.0536610468749995e-10
0.484375 1.0544799804687498e-10
0.48499999999999999 1.0553067499999999e-10
0.48562499999999997 1.0561413554687497e-10
0.48624999999999996 1.0569837968749996e-10
0.48687499999999995 1.0578340742187498e-10
0.48749999999999999 1.0586921874999999e-10
0.48812500000000003 1.0595581367187495e-10
0.48875000000000002 1.0604319218749999e-10
0.489375 1.0613135429687493e-10
0.48999999999999999 1.0622029999999995e-10
0.49062499999999998 1.0631002929687498e-10
0.49124999999999996 1.0640054218749997e-10
0.49187499999999995 1.0649183867187492e-10
0.49249999999999999 1.0658391874999993e-10
0.49312500000000004 1.0667678242187496e-10
0.49375000000000002 1.0677042968749995e-10
0.49437500000000001 1.0686486054687496e-10
0.495 1.0696007500000001e-10
0.49562499999999998 1.0705607304687493e-10
0.49624999999999997 1.0715285468749995e-10
0.49687499999999996 1.0725041992187496e-10
0.4975 1.0734876874999997e-10
0.49812500000000004 1.07447901171875e-10
0.49875000000000003 1.0754781718749998e-10
0.49937500000000001 1.0764851679687496e-10
0.5 1.0774999999999996e-10
0.50062499999999999 1.07852266796875e-10
0.50124999999999997 1.0795531718749995e-10
0.50187499999999996 1.0805915117187496e-10
0.50249999999999995 1.0816376874999995e-10
0.50312499999999993 1.0826916992187498e-10
0.50374999999999992 1.0837535468749993e-10
0.50437500000000002 1.0848232304687501e-10
0.505 1.0859007499999993e-10
0.50562499999999999 1.0869861054687496e-10
0.50625000000000009 1.0880792968750001e-10
0.50687500000000008 1.0891803242187495e-10
0.50750000000000006 1.0902891874999994e-10
0.50812500000000005 1.09140588671875e-10
0.50875000000000004 1.0925304218749995e-10
0.50937500000000002 1.0936627929687498e-10
0.51000000000000001 1.0948029999999997e-10
0.510625 1.09595104296875e-10
0.51124999999999998 1.0971069218749994e-10
0.51187499999999997 1.0982706367187497e-10
0.51249999999999996 1.0994421874999997e-10
0.51312499999999994 1.1006215742187499e-10
0.51374999999999993 1.1018087968749993e-10
0.51437500000000003 1.1030038554687497e-10
0.51500000000000001 1.1042067499999992e-10
0.515625 1.1054174804687494e-10
0.5162500000000001 1.1066360468750002e-10
0.51687500000000008 1.1078624492187495e-10
0.51750000000000007 1.1090966874999997e-10
0.51812500000000006 1.1103387617187499e-10
0.51875000000000004 1.1115886718749996e-10
0.51937500000000003 1.1128464179687495e-10
0.52000000000000002 1.1141119999999998e-10
0.520625 1.1153854179687499e-10
0.52124999999999999 1.1166666718749992e-10
0.52187499999999998 1.1179557617187496e-10
0.52249999999999996 1.1192526874999997e-10
0.52312499999999995 1.1205574492187499e-10
0.52374999999999994 1.1218700468749993e-10
0.52437500000000004 1.1231904804687498e-10
0.52500000000000002 1.1245187499999994e-10
0.52562500000000001 1.1258548554687497e-10
0.52625000000000011 1.1271987968749997e-10
0.52687500000000009 1.1285505742187497e-10
0.52750000000000008 1.1299101874999999e-10
0.52812500000000007 1.1312776367187503e-10
0.52875000000000005 1.1326529218749996e-10
0.52937500000000004 1.1340360429687498e-10
0.53000000000000003 1.135427e-10
0.53062500000000001 1.13682579296875e-10
0.53125 1.1382324218749996e-10
0.53187499999999999 1.1396468867187495e-10
0.53249999999999997 1.1410691874999997e-10
0.53312499999999996 1.1424993242187494e-10
0.53374999999999995 1.1439372968749994e-10
0.53437500000000004 1.1453831054687498e-10
0.53500000000000003 1.1468367499999993e-10
0.53562500000000002 1.1482982304687497e-10
0.53625000000000012 1.1497675468749996e-10
0.5368750000000001 1.1512446992187498e-10
0.53750000000000009 1.1527296875e-10
0.53812500000000008 1.1542225117187499e-10
0.53875000000000006 1.1557231718749995e-10
0.53937500000000005 1.1572316679687497e-10
0.54000000000000004 1.1587479999999998e-10
0.54062500000000002 1.1602721679687497e-10
0.54125000000000001 1.1618041718749993e-10
0.541875 1.1633440117187495e-10
0.54249999999999998 1.1648916874999994e-10
0.54312499999999997 1.1664471992187492e-10
0.54374999999999996 1.1680105468749995e-10
0.54437500000000005 1.1695817304687501e-10
0.54500000000000004 1.1711607499999994e-10
0.54562500000000003 1.1727476054687499e-10
0.54625000000000012 1.1743422968749998e-10
0.54687500000000011 1.1759448242187498e-10
0.5475000000000001 1.1775551875000001e-10
0.54812500000000008 1.1791733867187502e-10
0.54875000000000007 1.1807994218749995e-10
0.54937500000000006 1.1824332929687497e-10
0.55000000000000004 1.1840750000000001e-10
0.55062500000000003 1.1857245429687493e-10
0.55125000000000002 1.1873819218749994e-10
0.551875 1.1890471367187497e-10
0.55249999999999999 1.1907201874999998e-10
0.55312499999999998 1.1924010742187494e-10
0.55374999999999996 1.1940897968749996e-10
0.55437500000000006 1.1957863554687504e-10
0.55500000000000005 1.1974907499999996e-10
0.55562500000000004 1.19920298046875e-10
0.55625000000000013 1.2009230468749995e-10
0.55687500000000012 1.2026509492187497e-10
0.55750000000000011 1.2043866874999999e-10
0.55812500000000009 1.2061302617187501e-10
0.55875000000000008 1.2078816718749994e-10
0.55937500000000007 1.2096409179687499e-10
0.56000000000000005 1.2114079999999995e-10
0.56062500000000004 1.2131829179687494e-10
0.56125000000000003 1.2149656718749996e-10
0.56187500000000001 1.2167562617187493e-10
0.5625 1.2185546874999998e-10
0.56312499999999999 1.2203609492187494e-10
0.56374999999999997 1.2221750468749997e-10
0.56437499999999996 1.2239969804687496e-10
0.56499999999999995 1.22582675e-10
0.56562499999999993 1.227664355468749e-10
0.56624999999999992 1.2295097968749998e-10
0.56687499999999991 1.2313630742187495e-10
0.56749999999999989 1.2332241874999994e-10
0.56812499999999988 1.2350931367187495e-10
0.56874999999999987 1.2369699218749992e-10
0.56937499999999996 1.2388545429687491e-10
0.56999999999999995 1.2407469999999994e-10
0.57062499999999994 1.2426472929687492e-10
0.57125000000000004 1.2445554218749998e-10
0.57187500000000002 1.2464713867187494e-10
0.57250000000000001 1.2483951875000001e-10
0.573125 1.2503268242187495e-10
0.57374999999999998 1.2522662968749998e-10
0.57437499999999997 1.2542136054687498e-10
0.57499999999999996 1.2561687499999991e-10
0.57562499999999994 1.258131730468749e-10
0.57624999999999993 1.2601025468749996e-10
0.57687499999999992 1.2620811992187499e-10
0.5774999999999999 1.2640676874999991e-10
0.57812499999999989 1.2660620117187491e-10
0.57874999999999988 1.2680641718749994e-10
0.57937499999999997 1.2700741679687493e-10
0.57999999999999996 1.2720919999999994e-10
0.58062499999999995 1.2741176679687496e-10
0.58125000000000004 1.2761511718749996e-10
0.58187500000000003 1.2781925117187499e-10
0.58250000000000002 1.2802416875000005e-10
0.583125 1.2822986992187498e-10
0.58374999999999999 1.284363546875e-10
0.58437499999999998 1.2864362304687499e-10
0.58499999999999996 1.2885167499999991e-10
0.58562499999999995 1.2906051054687497e-10
0.58624999999999994 1.2927012968749995e-10
0.58687499999999992 1.2948053242187496e-10
0.58749999999999991 1.2969171874999995e-10
0.5881249999999999 1.2990368867187494e-10
0.58874999999999988 1.3011644218749996e-10
0.58937499999999998 1.3032997929687494e-10
0.58999999999999997 1.3054429999999994e-10
0.59062499999999996 1.3075940429687498e-10
0.59125000000000005 1.3097529218749997e-10
0.59187500000000004 1.3119196367187499e-10
0.59250000000000003 1.3140941874999996e-10
0.59312500000000001 1.3162765742187496e-10
0.59375 1.3184667968749996e-10
0.59437499999999999 1.3206648554687495e-10
0.59499999999999997 1.3228707499999988e-10
0.59562499999999996 1.3250844804687493e-10
0.59624999999999995 1.3273060468749998e-10
0.59687499999999993 1.3295354492187498e-10
0.59749999999999992 1.3317726874999988e-10
0.59812499999999991 1.3340177617187494e-10
0.59874999999999989 1.336270671874999e-10
0.59937499999999999 1.3385314179687494e-10
0.59999999999999998 1.3407999999999994e-10
0.60062499999999996 1.3430764179687497e-10
0.60125000000000006 1.345360671875e-10
0.60187500000000005 1.34765276171875e-10
0.60250000000000004 1.3499526874999996e-10
0.60312500000000002 1.3522604492187496e-10
0.60375000000000001 1.3545760468749998e-10
0.604375 1.3568994804687503e-10
0.60499999999999998 1.3592307499999995e-10
0.60562499999999997 1.3615698554687496e-10
0.60624999999999996 1.3639167968749995e-10
0.60687499999999994 1.3662715742187494e-10
0.60749999999999993 1.3686341874999991e-10
0.60812499999999992 1.3710046367187496e-10
0.6087499999999999 1.3733829218749996e-10
0.609375 1.3757690429687494e-10
0.60999999999999999 1.3781630000000001e-10
0.61062499999999997 1.3805647929687502e-10
0.61125000000000007 1.3829744218749999e-10
0.61187500000000006 1.3853918867187499e-10
0.61250000000000004 1.3878171874999994e-10
0.61312500000000003 1.3902503242187492e-10
0.61375000000000002 1.3926912968749993e-10
0.614375 1.3951401054687497e-10
0.61499999999999999 1.3975967499999989e-10
0.61562499999999998 1.4000612304687491e-10
0.61624999999999996 1.4025335468749994e-10
0.61687499999999995 1.4050136992187487e-10
0.61749999999999994 1.4075016874999996e-10
0.61812499999999992 1.4099975117187494e-10
0.61874999999999991 1.4125011718749994e-10
0.61937500000000001 1.4150126679687496e-10
0.62 1.4175319999999996e-10
0.62062499999999998 1.4200591679687497e-10
0.62125000000000008 1.422594171875e-10
0.62187500000000007 1.4251370117187499e-10
0.62250000000000005 1.4276876874999993e-10
0.62312500000000004 1.4302461992187498e-10
0.62375000000000003 1.432812546874999e-10
0.62437500000000001 1.4353867304687501e-10
0.625 1.43796875e-10
0.62562499999999999 1.4405586054687493e-10
0.62624999999999997 1.4431562968750003e-10
0.62687499999999996 1.4457618242187495e-10
0.62749999999999995 1.4483751874999995e-10
0.62812499999999993 1.4509963867187493e-10
0.62874999999999992 1.4536254218749999e-10
0.62937500000000002 1.4562622929687495e-10
0.63 1.4589069999999991e-10
0.63062499999999999 1.4615595429687493e-10
0.63125000000000009 1.4642199218749996e-10
0.63187500000000008 1.4668881367187509e-10
0.63250000000000006 1.4695641874999995e-10
0.63312500000000005 1.4722480742187498e-10
0.63375000000000004 1.4749397968749998e-10
0.63437500000000002 1.4776393554687492e-10
0.63500000000000001 1.4803467499999989e-10
0.635625 1.4830619804687497e-10
0.63624999999999998 1.4857850468749993e-10
0.63687499999999997 1.4885159492187492e-10
0.63749999999999996 1.4912546874999991e-10
0.63812499999999994 1.4940012617187495e-10
0.63874999999999993 1.4967556718749993e-10
0.63937500000000003 1.4995179179687503e-10
0.64000000000000001 1.5022879999999999e-10
0.640625 1.50506591796875e-10
0.6412500000000001 1.5078516718750001e-10
0.64187500000000008 1.5106452617187506e-10
0.64250000000000007 1.5134466874999998e-10
0.64312500000000006 1.5162559492187501e-10
0.64375000000000004 1.5190730468750002e-10
0.64437500000000003 1.5218979804687503e-10
0.64500000000000002 1.5247307499999999e-10
0.645625 1.5275713554687498e-10
0.64624999999999999 1.5304197968749998e-10
0.64687499999999998 1.5332760742187496e-10
0.64749999999999996 1.5361401874999989e-10
0.64812499999999995 1.53901213671875e-10
0.64874999999999994 1.5418919218749996e-10
0.64937500000000004 1.544779542968749e-10
0.65000000000000002 1.547675e-10
0.65062500000000001 1.5505782929687485e-10
0.65125000000000011 1.5534894218750001e-10
0.65187500000000009 1.5564083867187492e-10
0.65250000000000008 1.5593351874999998e-10
0.65312500000000007 1.5622698242187492e-10
0.65375000000000005 1.5652122968750005e-10
0.65437500000000004 1.5681626054687492e-10
0.65500000000000003 1.5711207499999995e-10
0.65562500000000001 1.5740867304687493e-10
0.65625 1.577060546875e-10
0.65687499999999999 1.5800421992187491e-10
0.65749999999999997 1.5830316874999996e-10
0.65812499999999996 1.5860290117187491e-10
0.65874999999999995 1.5890341718749989e-10
0.65937500000000004 1.5920471679687495e-10
0.66000000000000003 1.5950680000000007e-10
0.66062500000000002 1.598096667968749e-10
0.66125000000000012 1.6011331718750005e-10
0.6618750000000001 1.6041775117187495e-10
0.66250000000000009 1.6072296875e-10
0.66312500000000008 1.6102896992187501e-10
0.66375000000000006 1.6133575468750005e-10
0.66437500000000005 1.6164332304687499e-10
0.66500000000000004 1.6195167500000001e-10
0.66562500000000002 1.6226081054687498e-10
0.66625000000000001 1.6257072968750004e-10
0.666875 1.6288143242187494e-10
0.66749999999999998 1.6319291875000001e-10
0.66812499999999997 1.6350518867187495e-10
0.66874999999999996 1.6381824218749991e-10
0.66937500000000005 1.6413207929687496e-10
0.67000000000000004 1.6444670000000004e-10
0.67062500000000003 1.6476210429687495e-10
0.67125000000000012 1.6507829218750004e-10
0.67187500000000011 1.6539526367187498e-10
0.6725000000000001 1.6571301874999997e-10
0.67312500000000008 1.6603155742187504e-10
0.67375000000000007 1.663508796875e-10
0.67437500000000006 1.66670985546875e-10
0.67500000000000004 1.6699187499999994e-10
0.67562500000000003 1.6731354804687498e-10
0.67625000000000002 1.6763600468749992e-10
0.676875 1.6795924492187492e-10
0.67749999999999999 1.6828326874999992e-10
0.67812499999999998 1.6860807617187497e-10
0.67874999999999996 1.6893366718749988e-10
0.67937500000000006 1.69260041796875e-10
0.68000000000000005 1.6958719999999994e-10
0.68062500000000004 1.6991514179687496e-10
0.68125000000000013 1.7024386718750004e-10
0.68187500000000012 1.7057337617187505e-10
0.68250000000000011 1.7090366875000003e-10
0.68312500000000009 1.7123474492187502e-10
0.68375000000000008 1.7156660468750006e-10
0.68437500000000007 1.7189924804687503e-10
0.68500000000000005 1.7223267499999998e-10
0.68562500000000004 1.7256688554687501e-10
0.68625000000000003 1.7290187968749992e-10
0.68687500000000001 1.7323765742187501e-10
0.6875 1.735742187499999e-10
0.68812499999999999 1.7391156367187497e-10
0.68874999999999997 1.7424969218749992e-10
0.68937499999999996 1.7458860429687498e-10
0.68999999999999995 1.7492829999999991e-10
0.69062499999999993 1.75268779296875e-10
0.69124999999999992 1.7561004218749986e-10
0.69187499999999991 1.7595208867187493e-10
0.69249999999999989 1.7629491874999991e-10
0.69312499999999988 1.7663853242187488e-10
0.69374999999999987 1.7698292968749984e-10
0.69437499999999996 1.7732811054687503e-10
0.69499999999999995 1.776740749999999e-10
0.69562499999999994 1.7802082304687499e-10
0.69625000000000004 1.7836835468749997e-10
0.69687500000000002 1.7871666992187505e-10
0.69750000000000001 1.7906576875e-10
0.698125 1.7941565117187507e-10
0.69874999999999998 1.7976631718749993e-10
0.69937499999999997 1.8011776679687497e-10
0.69999999999999996 1.8046999999999997e-10
0.70062499999999994 1.8082301679687492e-10
0.70124999999999993 1.811768171874999e-10
0.70187499999999992 1.8153140117187502e-10
0.7024999999999999 1.8188676874999998e-10
0.70312499999999989 1.822429199218749e-10
0.70374999999999988 1.8259985468749982e-10
0.70437499999999997 1.829575730468748e-10
0.70499999999999996 1.8331607499999985e-10
0.70562499999999995 1.8367536054687489e-10
0.70625000000000004 1.8403542968749993e-10
0.70687500000000003 1.8439628242187492e-10
0.70750000000000002 1.8475791874999995e-10
0.708125 1.8512033867187492e-10
0.70874999999999999 1.8548354218750001e-10
0.70937499999999998 1.8584752929687497e-10
0.70999999999999996 1.8621230000000003e-10
0.71062499999999995 1.8657785429687484e-10
0.71124999999999994 1.8694419218749987e-10
0.71187499999999992 1.8731131367187487e-10
0.71249999999999991 1.876792187499999e-10
0.7131249999999999 1.8804790742187488e-10
0.71374999999999988 1.8841737968749995e-10
0.71437499999999998 1.8878763554687491e-10
0.71499999999999997 1.8915867499999996e-10
0.71562499999999996 1.8953049804687496e-10
0.71625000000000005 1.8990310468750007e-10
0.71687500000000004 1.90276494921875e-10
0.71750000000000003 1.9065066875000009e-10
0.71812500000000001 1.9102562617187485e-10
0.71875 1.9140136718749992e-10
0.71937499999999999 1.9177789179687487e-10
0.71999999999999997 1.9215519999999993e-10
0.72062499999999996 1.9253329179687494e-10
0.72124999999999995 1.9291216718749998e-10
0.72187499999999993 1.9329182617187497e-10
0.72249999999999992 1.9367226874999999e-10
0.72312499999999991 1.9405349492187481e-10
0.72374999999999989 1.9443550468749989e-10
0.72437499999999999 1.948182980468749e-10
0.72499999999999998 1.9520187499999993e-10
0.72562499999999996 1.9558623554687487e-10
0.72625000000000006 1.9597137968749992e-10
0.72687500000000005 1.9635730742187497e-10
0.72750000000000004 1.967440187499999e-10
0.72812500000000002 1.9713151367187501e-10
0.72875000000000001 1.9751979218749994e-10
0.729375 1.9790885429687503e-10
0.72999999999999998 1.982987e-10
0.73062499999999997 1.9868932929687487e-10
0.73124999999999996 1.9908074218749982e-10
0.73187499999999994 1.9947293867187493e-10
0.73249999999999993 1.9986591874999987e-10
0.73312499999999992 2.0025968242187491e-10
0.7337499999999999 2.006542296874999e-10
0.734375 2.0104956054687498e-10
0.73499999999999999 2.0144567499999995e-10
0.73562499999999997 2.0184257304687501e-10
0.73625000000000007 2.0224025468750005e-10
0.73687500000000006 2.0263871992187509e-10
0.73750000000000004 2.0303796875000003e-10
0.73812500000000003 2.0343800117187492e-10
0.73875000000000002 2.038388171874999e-10
0.739375 2.0424041679687498e-10
0.73999999999999999 2.0464279999999994e-10
0.74062499999999998 2.0504596679687501e-10
0.74124999999999996 2.0544991718749997e-10
0.74187499999999995 2.05854651171875e-10
0.74249999999999994 2.0626016874999979e-10
0.74312499999999992 2.066664699218749e-10
0.74374999999999991 2.0707355468749988e-10
0.74437500000000001 2.074814230468751e-10
0.745 2.0789007500000004e-10
0.74562499999999998 2.0829951054687496e-10
0.74625000000000008 2.0870972968750012e-10
0.74687500000000007 2.0912073242187497e-10
0.74750000000000005 2.0953251874999995e-10
0.74812500000000004 2.0994508867187499e-10
0.74875000000000003 2.1035844218750003e-10
0.74937500000000001 2.1077257929687495e-10
0.75 2.1118750000000005e-10
0.75062499999999999 2.1160320429687511e-10
0.75124999999999997 2.1201969218749991e-10
0.75187499999999996 2.1243696367187495e-10
0.75249999999999995 2.1285501874999994e-10
0.75312499999999993 2.1327385742187496e-10
0.75374999999999992 2.1369347968749993e-10
0.75437500000000002 2.1411388554687494e-10
0.755 2.1453507500000005e-10
0.75562499999999999 2.1495704804687496e-10
0.75625000000000009 2.153798046875001e-10
0.75687500000000008 2.1580334492187507e-10
0.75750000000000006 2.1622766875000012e-10
0.75812500000000005 2.1665277617187507e-10
0.75875000000000004 2.1707866718749998e-10
0.75937500000000002 2.1750534179687489e-10
0.76000000000000001 2.1793279999999998e-10
0.760625 2.1836104179687497e-10
0.76124999999999998 2.1879006718750005e-10
0.76187499999999997 2.1921987617187492e-10
0.76249999999999996 2.1965046875000006e-10
0.76312499999999994 2.2008184492187499e-10
0.76374999999999993 2.205140046874999e-10
0.76437500000000003 2.2094694804687503e-10
0.76500000000000001 2.2138067499999997e-10
0.765625 2.2181518554687495e-10
0.7662500000000001 2.2225047968750016e-10
0.76687500000000008 2.2268655742187496e-10
0.76750000000000007 2.2312341875000003e-10
0.76812500000000006 2.2356106367187505e-10
0.76875000000000004 2.2399949218750007e-10
0.76937500000000003 2.2443870429687505e-10
0.77000000000000002 2.2487870000000008e-10
0.770625 2.2531947929687504e-10
0.77124999999999999 2.2576104218749997e-10
0.77187499999999998 2.2620338867187492e-10
0.77249999999999996 2.2664651874999996e-10
0.77312499999999995 2.2709043242187491e-10
0.77374999999999994 2.2753512968750002e-10
0.77437500000000004 2.27980610546875e-10
0.77500000000000002 2.2842687499999994e-10
0.77562500000000001 2.2887392304687504e-10
0.77625000000000011 2.2932175468750003e-10
0.77687500000000009 2.2977036992187514e-10
0.77750000000000008 2.3021976875000004e-10
0.77812500000000007 2.306699511718751e-10
0.77875000000000005 2.3112091718749993e-10
0.77937500000000004 2.3157266679687497e-10
0.78000000000000003 2.3202519999999997e-10
0.78062500000000001 2.3247851679687502e-10
0.78125 2.3293261718749992e-10
0.78187499999999999 2.3338750117187503e-10
0.78249999999999997 2.3384316874999997e-10
0.78312499999999996 2.3429961992187493e-10
0.78374999999999995 2.3475685468749988e-10
0.78437500000000004 2.3521487304687511e-10
0.78500000000000003 2.356736749999999e-10
0.78562500000000002 2.3613326054687504e-10
0.78625000000000012 2.365936296875e-10
0.7868750000000001 2.3705478242187509e-10
0.78750000000000009 2.3751671874999996e-10
0.78812500000000008 2.3797943867187506e-10
0.78875000000000006 2.3844294218750009e-10
0.78937500000000005 2.389072292968751e-10
0.79000000000000004 2.3937230000000003e-10
0.79062500000000002 2.3983815429687515e-10
0.79125000000000001 2.4030479218749999e-10
0.791875 2.4077221367187501e-10
0.79249999999999998 2.4124041874999986e-10
0.79312499999999997 2.4170940742187494e-10
0.79374999999999996 2.421791796874999e-10
0.79437500000000005 2.4264973554687515e-10
0.79500000000000004 2.4312107500000002e-10
0.79562500000000003 2.4359319804687517e-10
0.79625000000000012 2.4406610468750009e-10
0.79687500000000011 2.44539794921875e-10
0.7975000000000001 2.4501426875000008e-10
0.79812500000000008 2.454895261718751e-10
0.79875000000000007 2.4596556718749994e-10
0.79937500000000006 2.4644239179687501e-10
0.80000000000000004 2.4692000000000006e-10
0.80062500000000003 2.4739839179687499e-10
0.80125000000000002 2.478775671875e-10
0.801875 2.4835752617187499e-10
0.80249999999999999 2.4883826875000001e-10
0.80312499999999998 2.493197949218748e-10
0.80374999999999996 2.4980210468749988e-10
0.80437500000000006 2.5028519804687509e-10
0.80500000000000005 2.5076907499999997e-10
0.80562500000000004 2.5125373554687498e-10
0.80625000000000013 2.5173917968750002e-10
0.80687500000000012 2.522254074218751e-10
0.80750000000000011 2.5271241875000005e-10
0.80812500000000009 2.5320021367187502e-10
0.80875000000000008 2.5368879218750014e-10
0.80937500000000007 2.5417815429687507e-10
0.81000000000000005 2.5466830000000009e-10
0.81062500000000004 2.5515922929687493e-10
0.81125000000000003 2.5565094218750001e-10
0.81187500000000001 2.5614343867187501e-10
0.8125 2.5663671875000004e-10
0.81312499999999999 2.5713078242187495e-10
0.81374999999999997 2.576256296875e-10
0.81437499999999996 2.5812126054687497e-10
0.81499999999999995 2.5861767500000007e-10
0.81562499999999993 2.5911487304687479e-10
0.81624999999999992 2.5961285468749985e-10
0.81687499999999991 2.6011161992187488e-10
0.81749999999999989 2.6061116875e-10
0.81812499999999988 2.6111150117187484e-10
0.81874999999999987 2.6161261718749997e-10
0.81937499999999996 2.6211451679687497e-10
0.81999999999999995 2.6261720000000001e-10
0.82062499999999994 2.6312066679687497e-10
0.82125000000000004 2.6362491718750006e-10
0.82187500000000002 2.6412995117187503e-10
0.82250000000000001 2.6463576875000008e-10
0.823125 2.6514236992187495e-10
0.82374999999999998 2.6564975468750001e-10
0.82437499999999997 2.6615792304687499e-10
0.82499999999999996 2.6666687499999996e-10
0.82562499999999994 2.6717661054687495e-10
0.82624999999999993 2.6768712968749997e-10
0.82687499999999992 2.6819843242187503e-10
0.8274999999999999 2.6871051874999985e-10
0.82812499999999989 2.6922338867187481e-10
0.82874999999999988 2.697370421874999e-10
0.82937499999999997 2.7025147929687492e-10
0.82999999999999996 2.7076669999999981e-10
0.83062499999999995 2.7128270429687489e-10
0.83125000000000004 2.717994921875e-10
0.83187500000000003 2.7231706367187498e-10
0.83250000000000002 2.7283541875e-10
0.833125 2.7335455742187499e-10
0.83374999999999999 2.7387447968749991e-10
0.83437499999999998 2.7439518554687501e-10
0.83499999999999996 2.7491667499999984e-10
0.83562499999999995 2.7543894804687495e-10
0.83624999999999994 2.7596200468749983e-10
0.83687499999999992 2.764858449218749e-10
0.83749999999999991 2.7701046874999985e-10
0.8381249999999999 2.7753587617187493e-10
0.83874999999999988 2.7806206718749993e-10
0.83937499999999998 2.7858904179687507e-10
0.83999999999999997 2.7911679999999992e-10
0.84062499999999996 2.7964534179687502e-10
0.84125000000000005 2.8017466718750009e-10
0.84187500000000004 2.8070477617187504e-10
0.84250000000000003 2.8123566874999991e-10
0.84312500000000001 2.8176734492187492e-10
0.84375 2.8229980468750001e-10
0.84437499999999999 2.8283304804687508e-10
0.84499999999999997 2.8336707499999987e-10
0.84562499999999996 2.83901885546875e-10
0.84624999999999995 2.8443747968750005e-10
0.84687499999999993 2.8497385742187509e-10
0.84749999999999992 2.8551101874999984e-10
0.84812499999999991 2.8604896367187493e-10
0.84874999999999989 2.865876921874999e-10
0.84937499999999999 2.8712720429687505e-10
0.84999999999999998 2.8766749999999993e-10
0.85062499999999996 2.8820857929687499e-10
0.85125000000000006 2.8875044218750007e-10
0.85187500000000005 2.8929308867187504e-10
0.85250000000000004 2.8983651875000003e-10
0.85312500000000002 2.9038073242187506e-10
0.85375000000000001 2.9092572968750011e-10
0.854375 2.9147151054687504e-10
0.85499999999999998 2.9201807499999995e-10
0.85562499999999997 2.9256542304687483e-10
0.85624999999999996 2.9311355468749995e-10
0.85687499999999994 2.9366246992187485e-10
0.85749999999999993 2.9421216874999987e-10
0.85812499999999992 2.9476265117187483e-10
0.8587499999999999 2.9531391718749997e-10
0.859375 2.9586596679687493e-10
0.85999999999999999 2.9641880000000008e-10
0.86062499999999997 2.96972416796875e-10
0.86125000000000007 2.9752681718750005e-10
0.86187500000000006 2.9808200117187503e-10
0.86250000000000004 2.9863796875000004e-10
0.86312500000000003 2.9919471992187487e-10
0.86375000000000002 2.9975225468750005e-10
0.864375 3.0031057304687499e-10
0.86499999999999999 3.0086967500000007e-10
0.86562499999999998 3.0142956054687502e-10
0.86624999999999996 3.0199022968750006e-10
0.86687499999999995 3.0255168242187476e-10
0.86749999999999994 3.0311391874999996e-10
0.86812499999999992 3.0367693867187493e-10
0.86874999999999991 3.0424074218749988e-10
0.86937500000000001 3.0480532929687501e-10
0.87 3.0537070000000002e-10
0.87062499999999998 3.059368542968749e-10
0.87125000000000008 3.0650379218749997e-10
0.87187500000000007 3.0707151367187507e-10
0.87250000000000005 3.0764001875000004e-10
0.87312500000000004 3.0820930742187505e-10
0.87375000000000003 3.0877937968750008e-10
0.87437500000000001 3.0935023554687509e-10
0.875 3.0992187499999993e-10
0.87562499999999999 3.104942980468749e-10
0.87624999999999997 3.110675046875e-10
0.87687499999999996 3.1164149492187503e-10
0.87749999999999995 3.1221626875000003e-10
0.87812499999999993 3.1279182617187497e-10
0.87874999999999992 3.1336816718750009e-10
0.87937500000000002 3.1394529179687508e-10
0.88 3.1452320000000005e-10
0.88062499999999999 3.1510189179687495e-10
0.88125000000000009 3.1568136718750014e-10
0.88187500000000008 3.162616261718751e-10
0.88250000000000006 3.1684266874999993e-10
0.88312500000000005 3.1742449492187506e-10
0.88375000000000004 3.1800710468749995e-10
0.88437500000000002 3.1859049804687498e-10
0.88500000000000001 3.1917467499999993e-10
0.885625 3.1975963554687502e-10
0.88624999999999998 3.2034537968749999e-10
0.88687499999999997 3.2093190742187487e-10
0.88749999999999996 3.215192187499999e-10
0.88812499999999994 3.2210731367187495e-10
0.88874999999999993 3.2269619218749988e-10
0.88937500000000003 3.2328585429687499e-10
0.89000000000000001 3.2387630000000003e-10
0.890625 3.2446752929687505e-10
0.8912500000000001 3.250595421875001e-10
0.89187500000000008 3.2565233867187518e-10
0.89250000000000007 3.2624591875000013e-10
0.89312500000000006 3.2684028242187512e-10
0.89375000000000004 3.2743542968750013e-10
0.89437500000000003 3.2803136054687502e-10
0.89500000000000002 3.2862807499999994e-10
0.895625 3.2922557304687504e-10
0.89624999999999999 3.2982385468750002e-10
0.89687499999999998 3.3042291992187503e-10
0.89749999999999996 3.3102276875000001e-10
0.89812499999999995 3.3162340117187508e-10
0.89874999999999994 3.3222481718750003e-10
0.89937500000000004 3.32827016796875e-10
0.90000000000000002 3.3343000000000011e-10
0.90062500000000001 3.3403376679687488e-10
0.90125000000000011 3.3463831718750016e-10
0.90187500000000009 3.3524365117187499e-10
0.90250000000000008 3.3584976875000006e-10
0.90312500000000007 3.3645666992187506e-10
0.90375000000000005 3.3706435468750004e-10
0.90437500000000004 3.3767282304687495e-10
0.90500000000000003 3.3828207499999998e-10
0.90562500000000001 3.3889211054687495e-10
0.90625 3.3950292968750005e-10
0.90687499999999999 3.4011453242187492e-10
0.90749999999999997 3.4072691874999992e-10
0.90812499999999996 3.4134008867187485e-10
0.90874999999999995 3.4195404218749991e-10
0.90937500000000004 3.42568779296875e-10
0.91000000000000003 3.4318429999999997e-10
0.91062500000000002 3.4380060429687497e-10
0.91125000000000012 3.4441769218750015e-10
0.9118750000000001 3.4503556367187506e-10
0.91250000000000009 3.4565421875000015e-10
0.91312500000000008 3.4627365742187516e-10
0.91375000000000006 3.4689387968750015e-10
0.91437500000000005 3.4751488554687502e-10
0.91500000000000004 3.4813667500000008e-10
0.91562500000000002 3.4875924804687501e-10
0.91625000000000001 3.4938260468750012e-10
0.916875 3.5000674492187495e-10
0.91749999999999998 3.5063166875000013e-10
0.91812499999999997 3.5125737617187502e-10
0.91874999999999996 3.5188386718749994e-10
0.91937500000000005 3.52511141796875e-10
0.92000000000000004 3.5313920000000014e-10
0.92062500000000003 3.53768041796875e-10
0.92125000000000012 3.5439766718750015e-10
0.92187500000000011 3.5502807617187507e-10
0.9225000000000001 3.5565926875000002e-10
0.92312500000000008 3.562912449218751e-10
0.92375000000000007 3.5692400468749995e-10
0.92437500000000006 3.5755754804687515e-10
0.92500000000000004 3.5819187500000001e-10
0.92562500000000003 3.5882698554687511e-10
0.92625000000000002 3.5946287968749993e-10
0.926875 3.6009955742187488e-10
0.92749999999999999 3.6073701874999992e-10
0.92812499999999998 3.6137526367187493e-10
0.92874999999999996 3.6201429218749987e-10
0.92937500000000006 3.6265410429687504e-10
0.93000000000000005 3.6329470000000004e-10
0.93062500000000004 3.6393607929687502e-10
0.93125000000000013 3.6457824218750003e-10
0.93187500000000012 3.6522118867187522e-10
0.93250000000000011 3.6586491875000019e-10
0.93312500000000009 3.6650943242187513e-10
0.93375000000000008 3.6715472968750011e-10
0.93437500000000007 3.6780081054687495e-10
0.93500000000000005 3.6844767499999999e-10
0.93562500000000004 3.6909532304687505e-10
0.93625000000000003 3.6974375468750004e-10
0.93687500000000001 3.7039296992187501e-10
0.9375 3.7104296875000001e-10
0.93812499999999999 3.7169375117187499e-10
0.93874999999999997 3.7234531718749994e-10
0.93937499999999996 3.7299766679687498e-10
0.93999999999999995 3.7365079999999984e-10
0.94062499999999993 3.7430471679687494e-10
0.94124999999999992 3.749594171874998e-10
0.94187499999999991 3.7561490117187501e-10
0.94249999999999989 3.7627116874999994e-10
0.94312499999999988 3.7692821992187485e-10
0.94374999999999987 3.7758605468749968e-10
0.94437499999999996 3.7824467304687512e-10
0.94499999999999995 3.7890407499999986e-10
0.94562499999999994 3.7956426054687494e-10
0.94625000000000004 3.8022522968749999e-10
0.94687500000000002 3.8088698242187498e-10
0.94750000000000001 3.8154951874999994e-10
0.94874999999999998 3.8287694218750001e-10
0.94999999999999996 3.8420750000000004e-10
0.95124999999999993 3.8554119218749988e-10
0.9524999999999999 3.8687801874999985e-10
0.95374999999999988 3.8821797968749988e-10
0.95499999999999996 3.8956107499999993e-10
0.95625000000000004 3.9090730468750004e-10
0.95750000000000002 3.9225666875000013e-10
0.95874999999999999 3.9360916718750002e-10
0.95999999999999996 3.9496480000000003e-10
0.96124999999999994 3.9632356718750001e-10
0.96249999999999991 3.976854687499999e-10
0.96374999999999988 3.9905050468749981e-10
0.96499999999999997 4.0041867499999994e-10
0.96625000000000005 4.0178997968750004e-10
0.96750000000000003 4.0316441874999999e-10
0.96875 4.0454199218750002e-10
0.96999999999999997 4.0592270000000001e-10
0.97124999999999995 4.0730654218749997e-10
0.97249999999999992 4.0869351874999989e-10
0.97374999999999989 4.1008362968749988e-10
0.97499999999999998 4.1147687500000005e-10
0.97625000000000006 4.1287325468749997e-10
0.97750000000000004 4.1427276875000001e-10
0.97875000000000001 4.1567541718749992e-10
0.97999999999999998 4.1708119999999989e-10
0.98124999999999996 4.1849011718749998e-10
0.98249999999999993 4.1990216874999988e-10
0.9837499999999999 4.2131735468749975e-10
0.98499999999999999 4.2273567499999984e-10
0.98625000000000007 4.2415712968750005e-10
0.98750000000000004 4.2558171874999997e-10
0.98875000000000002 4.2700944218749996e-10
0.98999999999999999 4.2844030000000007e-10
0.99124999999999996 4.2987429218749983e-10
0.99249999999999994 4.3131141874999987e-10
0.99374999999999991 4.3275167968749987e-10
0.995 4.3419507499999999e-10
0.99625000000000008 4.3564160468750018e-10
0.99750000000000005 4.3709126875000003e-10
0.99875000000000003 4.3854406718750005e-10
1 4.3999999999999998e-10
