# NMC ocv; sampled from pre-migration BESFEM model.
# concentration value; solver units (see ../README.md)
0 4.6919991766000004
0.0025000000000000001 4.6856889496316665
0.0050000000000000001 4.6794009139737236
0.0074999999999999997 4.6731350581358706
0.01 4.6668913706417747
0.012500000000000001 4.6606698400289952
0.014999999999999999 4.6544704548489113
0.017500000000000002 4.6482932036666416
0.02 4.6421380750609682
0.022499999999999999 4.636005057624252
0.025000000000000001 4.6298941399623494
0.0275 4.6238053106945269
0.029999999999999999 4.6177385584533743
0.032500000000000001 4.6116938718847118
0.035000000000000003 4.6056712396474948
0.037500000000000006 4.5996706504137252
0.040000000000000001 4.593692092868344
0.042499999999999996 4.5877355557091359
0.044999999999999998 4.5818010276466206
0.047500000000000001 4.5758884974039491
0.050000000000000003 4.5699979537167907
0.052500000000000005 4.5641293853332199
0.055 4.5582827810136015
0.057499999999999996 4.5524581295304616
0.059999999999999998 4.5466554196683751
0.0625 4.5408746402238291
0.065000000000000002 4.5351157800050927
0.067500000000000004 4.5293788278320823
0.070000000000000007 4.5236637725362199
0.072500000000000009 4.5179706029602906
0.075000000000000011 4.5122993079582896
0.077500000000000013 4.5066498763952723
0.080000000000000002 4.5010222971471938
0.08249999999999999 4.4954165591007422
0.084999999999999992 4.4898326511531792
0.087499999999999994 4.4842705622121546
0.089999999999999997 4.4787302811955314
0.092499999999999999 4.473211797031202
0.095000000000000001 4.4677150986568943
0.097500000000000003 4.4622401750199714
0.10000000000000001 4.4567870150772313
0.10250000000000001 4.451355607794695
0.10500000000000001 4.4459459421473859
0.10750000000000001 4.4405580071191082
0.11 4.4351917917022101
0.11249999999999999 4.4298472848973462
0.11499999999999999 4.4245244757132305
0.11749999999999999 4.419223353166374
0.12 4.4139439062808252
0.1225 4.4086861240878914
0.125 4.4034499956258601
0.1275 4.3982355099397008
0.13 4.3930426560807652
0.13250000000000001 4.3878714231064713
0.13500000000000001 4.3827218000799819
0.13750000000000001 4.3775937760698671
0.14000000000000001 4.3724873401497595
0.14250000000000002 4.3674024813979972
0.14500000000000002 4.3623391888972476
0.14750000000000002 4.3572974517341292
0.14999999999999999 4.352277258998809
0.1525 4.3472785997846017
0.155 4.3423014631875354
0.1575 4.3373458383059127
0.16 4.3324117142398642
0.16250000000000001 4.3274990800908677
0.16500000000000001 4.322607924961269
0.16750000000000001 4.3177382379537699
0.17000000000000001 4.3128900081709167
0.17249999999999999 4.3080632247145498
0.17499999999999999 4.3032578766852527
0.17749999999999999 4.2984739531817677
0.17999999999999999 4.2937114433004
0.1825 4.2889703361343967
0.185 4.2842506207733067
0.1875 4.2795522863023141
0.19 4.2748753218015461
0.1925 4.2702197163453697
0.19500000000000001 4.2655854590016498
0.19750000000000001 4.2609725388309796
0.20000000000000001 4.2563809448859002
0.20250000000000001 4.2518106662100719
0.20500000000000002 4.2472616918374335
0.20750000000000002 4.2427340107913176
0.20999999999999999 4.2382276120835485
0.21249999999999999 4.2337424847134884
0.215 4.2292786176670765
0.2175 4.2248359999158049
0.22 4.2204146204156814
0.2225 4.2160144681061409
0.22500000000000001 4.2116355319089234
0.22750000000000001 4.2072778007269092
0.23000000000000001 4.2029412634429208
0.23249999999999998 4.1986259089184674
0.23499999999999999 4.1943317259924537
0.23749999999999999 4.1900587034798438
0.23999999999999999 4.1858068301702742
0.24249999999999999 4.1815760948266121
0.245 4.1773664861834741
0.2475 4.1731779929456749
0.25 4.1690106037866403
0.2525 4.1648643073467415
0.255 4.1607390922315881
0.25750000000000001 4.156634947010251
0.26000000000000001 4.152551860213415
0.26250000000000001 4.1484898203314833
0.26500000000000001 4.1444488158125887
0.26750000000000002 4.1404288350605611
0.27000000000000002 4.1364298664327919
0.27250000000000002 4.1324518982380498
0.27500000000000002 4.1284949187341971
0.27750000000000002 4.1245589161258316
0.28000000000000003 4.1206438785618431
0.28250000000000003 4.1167497941328826
0.28500000000000003 4.1128766508687349
0.28749999999999998 4.109024436735603
0.28999999999999998 4.1051931396332888
0.29249999999999998 4.1013827473922762
0.29499999999999998 4.0975932477707024
0.29749999999999999 4.0938246284512259
0.29999999999999999 4.0900768770377791
0.30249999999999999 4.086349981052205
0.30499999999999999 4.0826439279307616
0.3075 4.0789587050205194
0.31 4.0752942995756083
0.3125 4.0716506987533396
0.315 4.0680278896101862
0.3175 4.0644258590976161
0.32000000000000001 4.0608445940577713
0.32250000000000001 4.0572840812189952
0.32500000000000001 4.0537443071911987
0.32750000000000001 4.0502252584610501
0.33000000000000002 4.0467269213869965
0.33250000000000002 4.0432492821941093
0.33500000000000002 4.0397923269687261
0.33750000000000002 4.0363560416529225
0.34000000000000002 4.0329404120387577
0.34250000000000003 4.0295454237623289
0.34499999999999997 4.0261710622976041
0.34749999999999998 4.0228173129500302
0.34999999999999998 4.0194841608499061
0.35249999999999998 4.0161715909455262
0.35499999999999998 4.0128795879960588
0.35749999999999998 4.0096081365641796
0.35999999999999999 4.0063572210084306
0.36249999999999999 4.003126825475305
0.36499999999999999 3.9999169338910336
0.36749999999999999 3.9967275299530951
0.37 3.9935585971213938
0.3725 3.9904101186091281
0.375 3.9872820773733317
0.3775 3.984174456105058
0.38 3.9810872372192199
0.38250000000000001 3.978020402844054
0.38500000000000001 3.9749739348101976
0.38750000000000001 3.9719478146393823
0.39000000000000001 3.9689420235327018
0.39250000000000002 3.9659565423584606
0.39500000000000002 3.9629913516395785
0.39750000000000002 3.9600464315405395
0.40000000000000002 3.9571217618538617
0.40250000000000002 3.9542173219860786
0.40500000000000003 3.9513330909432098
0.40749999999999997 3.9484690473157023
0.40999999999999998 3.945625169262823
0.41249999999999998 3.9428014344964866
0.41499999999999998 3.9399978202644914
0.41749999999999998 3.937214303333147
0.41999999999999998 3.9344508599692736
0.42249999999999999 3.9317074659215363
0.42499999999999999 3.9289840964011091
0.42749999999999999 3.9262807260616341
0.42999999999999999 3.9235973289784494
0.4325 3.9209338786270571
0.435 3.9182903478608186
0.4375 3.9156667088878252
0.44 3.9130629332469393
0.4425 3.9104789917829526
0.44500000000000001 3.9079148546208478
0.44750000000000001 3.9053704911391174
0.45000000000000001 3.9028458699421207
0.45250000000000001 3.9003409588314226
0.45500000000000002 3.8978557247760959
0.45750000000000002 3.8953901338819454
0.46000000000000002 3.8929441513596048
0.46250000000000002 3.8905177414914749
0.46499999999999997 3.8881108675974607
0.46749999999999997 3.8857234919994577
0.46999999999999997 3.8833555759845479
0.47249999999999998 3.881007079766853
0.47499999999999998 3.8786779624480006
0.47749999999999998 3.8763681819761562
0.47999999999999998 3.8740776951035505
0.48249999999999998 3.8718064573424722
0.48499999999999999 3.869554422919657
0.48749999999999999 3.8673215447290108
0.48999999999999999 3.8651077742826137
0.49249999999999999 3.8629130616599423
0.495 3.8607373554552402
0.4975 3.8585806027229781
0.5 3.8564427489213169
0.50249999999999995 3.8543237378535218
0.505 3.8522235116072405
0.50750000000000006 3.8501420104915711
0.51000000000000001 3.8480791729718349
0.51249999999999996 3.8460349356019776
0.51500000000000001 3.8440092329545066
0.51750000000000007 3.8420019975478801
0.52000000000000002 3.8400131597712512
0.52249999999999996 3.838042647806466
0.52500000000000002 3.8360903875472325
0.52750000000000008 3.834156302515332
0.53000000000000003 3.8322403137737941
0.53249999999999997 3.8303423398368985
0.53500000000000003 3.8284622965769022
0.53750000000000009 3.8266000971273755
0.54000000000000004 3.8247556517830099
0.54249999999999998 3.8229288678957829
0.54500000000000004 3.8211196497673408
0.5475000000000001 3.8193278985374581
0.55000000000000004 3.8175535120684394
0.55249999999999999 3.8157963848253118
0.55500000000000005 3.8140564077516492
0.55750000000000011 3.8123334681408814
0.56000000000000005 3.8106274495029089
0.5625 3.8089382314258677
0.56499999999999995 3.8072656894328523
0.56749999999999989 3.8056096948334286
0.56999999999999995 3.8039701145697307
0.57250000000000001 3.8023468110569594
0.57499999999999996 3.8007396420180699
0.5774999999999999 3.7991484603124368
0.57999999999999996 3.7975731137582831
0.58250000000000002 3.796013444948636
0.58499999999999996 3.7944692910605884
0.58749999999999991 3.7929404836576057
0.58999999999999997 3.7914268484846412
0.59250000000000003 3.7899282052557748
0.59499999999999997 3.7884443674341419
0.59749999999999992 3.786975142003818
0.59999999999999998 3.7855203292334196
0.60250000000000004 3.7840797224310827
0.60499999999999998 3.7826531076905208
0.60749999999999993 3.7812402636278359
0.60999999999999999 3.7798409611087376
0.61250000000000004 3.7784549629658368
0.61499999999999999 3.7770820237056397
0.61749999999999994 3.7757218892048612
0.62 3.7743742963956937
0.62250000000000005 3.773038972939601
0.625 3.7717156368892337
0.62749999999999995 3.7704039963380405
0.63 3.7691037490570989
0.63250000000000006 3.7678145821187434
0.63500000000000001 3.7665361715064627
0.63749999999999996 3.7652681817106028
0.64000000000000001 3.7640102653093424
0.64250000000000007 3.7627620625344047
0.64500000000000002 3.7615232008209532
0.64749999999999996 3.7602932943410945
0.65000000000000002 3.7590719435203868
0.65250000000000008 3.7578587345367471
0.65500000000000003 3.7566532388010998
0.66000000000000003 3.754263595633331
0.66500000000000004 3.7518992690147535
0.67000000000000004 3.749556241119504
0.67500000000000004 3.7472302010490361
0.68000000000000005 3.7449165230810859
0.68999999999999995 3.7403060345263146
0.69499999999999995 3.7379981793043808
0.69999999999999996 3.7356805409977536
0.70499999999999996 3.7333465326562481
0.70999999999999996 3.7309890836080251
0.71249999999999991 3.7297992181873592
0.71499999999999997 3.7286006035680197
0.71750000000000003 3.7273922034501874
0.71999999999999997 3.7261729440842615
0.72249999999999992 3.724941712906447
0.72499999999999998 3.7236973571246352
0.72750000000000004 3.7224386822527946
0.72999999999999998 3.7211644505919699
0.73249999999999993 3.7198733796559575
0.73499999999999999 3.718564140539645
0.73750000000000004 3.717235356227917
0.73999999999999999 3.7158855998429687
0.74249999999999994 3.7145133928277843
0.745 3.7131172030634509
0.74750000000000005 3.7116954429179021
0.75 3.7102464672235937
0.75124999999999997 3.709511243184183
0.75249999999999995 3.7087685711815146
0.75374999999999992 3.7080182284419081
0.755 3.7072599881888699
0.75625000000000009 3.70649361957084
0.75750000000000006 3.7057188875876284
0.75875000000000004 3.7049355530155275
0.76000000000000001 3.704143372331075
0.76124999999999998 3.7033420976334326
0.76249999999999996 3.7025314765653743
0.76374999999999993 3.7017112522328408
0.76500000000000001 3.7008811631230456
0.7662500000000001 3.7000409430211008
0.76750000000000007 3.6991903209251431
0.76875000000000004 3.6983290209599189
0.77000000000000002 3.6974567622888208
0.77124999999999999 3.6965732590243281
0.77249999999999996 3.6956782201368314
0.77374999999999994 3.6947713493618215
0.77500000000000002 3.6938523451053862
0.77625000000000011 3.6929209003480192
0.77750000000000008 3.6919767025466785
0.77875000000000005 3.6910194335350877
0.78000000000000003 3.6900487694222304
0.78125 3.6890643804890182
0.78249999999999997 3.6880659310830888
0.78374999999999995 3.6870530795117098
0.78500000000000003 3.686025477932747
0.78625000000000012 3.684982772243663
0.78750000000000009 3.6839246019685206
0.78875000000000006 3.6828506001429342
0.79000000000000004 3.6817603931969565
0.79125000000000001 3.6806536008358441
0.79249999999999998 3.6795298359186752
0.79374999999999996 3.6783887043347741
0.79500000000000004 3.6772298048779053
0.79625000000000012 3.6760527291181995
0.7975000000000001 3.6748570612717657
0.79875000000000007 3.6736423780679521
0.80000000000000004 3.6724082486142078
0.80125000000000002 3.6711542342585077
0.80249999999999999 3.6698798884492976
0.80374999999999996 3.668584756592904
0.80500000000000005 3.6672683759083786
0.80625000000000013 3.6659302752797149
0.80750000000000011 3.6645699751054059
0.80875000000000008 3.6631869871452785
0.81000000000000005 3.6617808143645703
0.81125000000000003 3.6603509507751881
0.8125 3.6588968812741025
0.81374999999999997 3.6574180814788257
0.81499999999999995 3.6559140175599198
0.81624999999999992 3.654384146070484
0.81749999999999989 3.652827913772561
0.81874999999999987 3.6512447574604123
0.81999999999999995 3.6496341037806053
0.82125000000000004 3.6479953690488491
0.82250000000000001 3.6463279590635298
0.823125 3.6454833122403008
0.82374999999999998 3.6446312689158731
0.82437499999999997 3.6437717517719506
0.82499999999999996 3.6429046827966918
0.82562499999999994 3.642029983278479
0.82624999999999993 3.6411475737996324
0.82687499999999992 3.6402573742300648
0.8274999999999999 3.6393593037208811
0.82812499999999989 3.6384532806979228
0.82874999999999988 3.6375392228552483
0.82937499999999997 3.6366170471485613
0.82999999999999996 3.6356866697885764
0.83062499999999995 3.6347480062343238
0.83125000000000004 3.6338009711863988
0.83187500000000003 3.6328454785801467
0.83250000000000002 3.6318814415787868
0.833125 3.6309087725664764
0.83374999999999999 3.6299273831413101
0.83437499999999998 3.6289371841082598
0.83499999999999996 3.6279380854720467
0.83562499999999995 3.6269299964299528
0.83624999999999994 3.6259128253645669
0.83687499999999992 3.6248864798364635
0.83749999999999991 3.6238508665768201
0.8381249999999999 3.6228058914799646
0.83874999999999988 3.6217514595958535
0.83937499999999998 3.6206874751224927
0.83999999999999997 3.6196138413982766
0.84062499999999996 3.6185304608942683
0.84125000000000005 3.6174372352064088
0.84187500000000004 3.6163340650476523
0.84250000000000003 3.6152208502400303
0.84312500000000001 3.6140974897066558
0.84375 3.6129638814636382
0.84437499999999999 3.6118199226119398
0.84499999999999997 3.6106655093291531
0.84562499999999996 3.6095005368612028
0.84624999999999995 3.6083248995139781
0.84687499999999993 3.6071384906448873
0.84749999999999992 3.6059412026543329
0.84812499999999991 3.6047329269771167
0.84874999999999989 3.6035135540737664
0.84937499999999999 3.6022829734217758
0.84999999999999998 3.6010410735067815
0.85062499999999996 3.5997877418136444
0.85125000000000006 3.5985228648174621
0.85187500000000005 3.5972463279744993
0.85250000000000004 3.5959580157130278
0.85312500000000002 3.594657811424097
0.85375000000000001 3.5933455974522119
0.854375 3.5920212550859327
0.85499999999999998 3.5906846645483874
0.85562499999999997 3.5893357049876955
0.85624999999999996 3.5879742544673192
0.85687499999999994 3.58660018995631
0.85749999999999993 3.58521338731948
0.85812499999999992 3.5838137213074801
0.8587499999999999 3.5824010655467937
0.859375 3.5809752925296294
0.85999999999999999 3.5795362736037402
0.86062499999999997 3.5780838789621314
0.86125000000000007 3.576617977632695
0.86187500000000006 3.5751384374677375
0.86250000000000004 3.5736451251334183
0.86312500000000003 3.5721379060990941
0.86375000000000002 3.5706166446265661
0.864375 3.5690812037592332
0.86499999999999999 3.5675314453111415
0.86562499999999998 3.5659672298559442
0.86624999999999996 3.5643884167157545
0.86687499999999995 3.5627948639499021
0.86749999999999994 3.5611864283435919
0.86812499999999992 3.5595629653964491
0.86874999999999991 3.5579243293109779
0.86937500000000001 3.556270372980904
0.87 3.5546009479794147
0.87062499999999998 3.5529159045472984
0.87125000000000008 3.5512150915809721
0.87187500000000007 3.549498356620405
0.87250000000000005 3.5477655458369313
0.87312500000000004 3.5460165040209501
0.87375000000000003 3.5442510745695288
0.87437500000000001 3.5424690994738754
0.875 3.5406704193067111
0.87562499999999999 3.5388548732095297
0.87624999999999997 3.5370222988797364
0.87687499999999996 3.5351725325576737
0.87749999999999995 3.5333054090135314
0.87812499999999993 3.5314207615341386
0.87874999999999992 3.5295184219096409
0.87937500000000002 3.5275982204200451
0.88 3.5256599858216608
0.88062499999999999 3.523703545333408
0.88125000000000009 3.5217287246230029
0.88187500000000008 3.5197353477930253
0.88250000000000006 3.5177232373668548
0.88312500000000005 3.5156922142744853
0.88375000000000004 3.5136420978382086
0.88437500000000002 3.5115727057581694
0.88500000000000001 3.5094838540977942
0.885625 3.5073753572690851
0.88624999999999998 3.5052470280177865
0.88687499999999997 3.5030986774084085
0.88749999999999996 3.5009301148091314
0.88812499999999994 3.498741147876558
0.88874999999999993 3.4965315825403414
0.88937500000000003 3.4943012229876675
0.89000000000000001 3.4920498716476045
0.890625 3.4897773291753014
0.8912500000000001 3.4874833944360564
0.89187500000000008 3.4851678644892341
0.89250000000000007 3.4828305345720425
0.89312500000000006 3.4804711980831611
0.89375000000000004 3.4780896465662243
0.89437500000000003 3.475685669693156
0.89500000000000002 3.473259055247353
0.895625 3.470809589106719
0.89624999999999999 3.4683370552265465
0.89687499999999998 3.465841235622241
0.89749999999999996 3.4633219103518957
0.89812499999999995 3.4607788574987075
0.89874999999999994 3.458211853153232
0.89937500000000004 3.4556206713954811
0.90000000000000002 3.4530050842768656
0.90062500000000001 3.4503648618019627
0.90125000000000011 3.4476997719101306
0.90187500000000009 3.4450095804569587
0.90250000000000008 3.4422940511955389
0.90312500000000007 3.4395529457575833
0.90375000000000005 3.4367860236343608
0.90437500000000004 3.4339930421574718
0.90500000000000003 3.431173756479442
0.90562500000000001 3.4283279195541474
0.90625 3.4254552821170621
0.90687499999999999 3.4225555926653257
0.90749999999999997 3.4196285974376366
0.90781249999999991 3.4181547802348717
0.90812499999999996 3.4166740403939619
0.90843750000000001 3.4151863455504934
0.90874999999999995 3.413691663195062
0.9090625 3.4121899606726229
0.90937500000000004 3.4106812051818389
0.90968749999999998 3.4091653637744272
0.91000000000000003 3.4076424033544939
0.91031250000000008 3.4061122906778807
0.91062500000000002 3.4045749923514954
0.91093750000000007 3.4030304748326414
0.91125000000000012 3.4014787044283596
0.91156250000000005 3.3999196472947411
0.9118750000000001 3.3983532694362544
0.91218750000000015 3.3967795367050728
0.91250000000000009 3.3951984148003831
0.91281250000000003 3.3936098692677046
0.91312500000000008 3.3920138654981979
0.91343750000000012 3.3904103687279763
0.91375000000000006 3.3887993440374076
0.9140625 3.3871807563504186
0.91437500000000005 3.3855545704337899
0.9146875000000001 3.3839207508964582
0.91500000000000004 3.3822792621888036
0.91531249999999997 3.3806300686019388
0.91562500000000002 3.3789731342669986
0.91593750000000007 3.3773084231544219
0.91625000000000001 3.3756358990732278
0.91656249999999995 3.3739555256702989
0.916875 3.3722672664296458
0.91718750000000004 3.3705710846716883
0.91749999999999998 3.3688669435525118
0.91781249999999992 3.3671548060631351
0.91812499999999997 3.3654346350287714
0.91843750000000002 3.3637063931080839
0.91874999999999996 3.361970042792441
0.9190625 3.3602255464051627
0.91937500000000005 3.3584728661007706
0.91968749999999999 3.3567119638642335
0.92000000000000004 3.354942801510199
0.92031250000000009 3.3531653406822395
0.92062500000000003 3.3513795428520825
0.92093750000000008 3.3495853693188367
0.92125000000000012 3.3477827812082221
0.92156250000000006 3.3459717394717936
0.92187500000000011 3.3441522048861554
0.92218750000000016 3.3423241380521831
0.9225000000000001 3.340487499394234
0.92281250000000004 3.3386422491593506
0.92312500000000008 3.3367883474164755
0.92343750000000013 3.3349257540556452
0.92375000000000007 3.3330544287871917
0.92406250000000001 3.3311743311409381
0.92437500000000006 3.3292854204653852
0.92468750000000011 3.3273876559269029
0.92500000000000004 3.3254809965089152
0.92531249999999998 3.3235654010110736
0.92562500000000003 3.3216408280484395
0.92593750000000008 3.3197072360506552
0.92625000000000002 3.3177645832611127
0.92656249999999996 3.3158128277361176
0.926875 3.3138519273440519
0.92718750000000005 3.3118818397645313
0.92749999999999999 3.309902522487564
0.92781249999999993 3.307913932812689
0.92812499999999998 3.3059160278481357
0.92843750000000003 3.303908764509957
0.92874999999999996 3.301892099521174
0.92906250000000001 3.2998659894109061
0.92937500000000006 3.2978303905135071
0.9296875 3.2957852589676868
0.93000000000000005 3.2937305507156371
0.9303125000000001 3.2916662215021524
0.93062500000000004 3.2895922268737432
0.93093750000000008 3.2875085221777445
0.93125000000000013 3.2854150625614293
0.93156250000000007 3.283311802971109
0.93187500000000012 3.28119869815123
0.93218750000000017 3.279075702643472
0.93250000000000011 3.2769427707858414
0.93281250000000004 3.2747998567117538
0.93312500000000009 3.2726469143491159
0.93343750000000014 3.2704838974194126
0.93375000000000008 3.268310759436774
0.93406250000000002 3.2661274537070497
0.93437500000000007 3.2639339333268715
0.93468750000000012 3.2617301511827219
0.93500000000000005 3.2595160599499904
0.93531249999999999 3.2572916120920206
0.93562500000000004 3.2550567598591655
0.93593750000000009 3.2528114552878384
0.93625000000000003 3.2505556501995434
0.93656249999999996 3.2482892961999172
0.93687500000000001 3.2460123446777605
0.93718750000000006 3.2437247468040691
0.9375 3.2414264535310564
0.93781249999999994 3.2391174155911697
0.93812499999999999 3.2367975834961045
0.93843750000000004 3.2344669075358254
0.93874999999999997 3.2321253377775601
0.93906249999999991 3.2297728240648089
0.93937499999999996 3.2274093160163342
0.93968750000000001 3.2250347630251612
0.93999999999999995 3.2226491142575675
0.94031249999999988 3.2202523186520553
0.94062499999999993 3.2178443249183379
0.94093749999999998 3.2154250815363206
0.94124999999999992 3.2129945367550579
0.94156249999999986 3.21055263859173
0.94187499999999991 3.2080993348305924
0.94218749999999996 3.2056345730219422
0.94249999999999989 3.2031583004810682
0.94281249999999983 3.2006704642871888
0.94312499999999988 3.1981710112824038
0.94343749999999993 3.1956598880706268
0.94374999999999987 3.1931370410165192
0.94406249999999992 3.1906024162444182
0.94437499999999996 3.1880559596372566
0.9446874999999999 3.1854976168354865
0.94499999999999995 3.1829273332359858
0.9453125 3.1803450539909717
0.94562499999999994 3.1777507240069034
0.94593749999999999 3.1751442879433762
0.94625000000000004 3.1725256902120229
0.94656249999999997 3.1698948749753946
0.94687500000000002 3.1672517861458487
0.94718750000000007 3.1645963673844273
0.94750000000000001 3.1619285620997291
0.94781249999999995 3.1592483134467813
0.948125 3.1565555643258953
0.94843750000000004 3.1538502573815377
0.94874999999999998 3.1511323350011735
0.94906249999999992 3.1484017393141137
0.94937499999999997 3.1456584121903668
0.94968750000000002 3.1429022952394705
0.94999999999999996 3.1401333298093226
0.95031249999999989 3.1373514569850163
0.95062499999999994 3.1345566175876494
0.95093749999999999 3.1317487521731593
0.95124999999999993 3.1289278010311161
0.95156249999999987 3.1260937041835382
0.95187499999999992 3.1232464013836938
0.95218749999999996 3.1203858321148936
0.9524999999999999 3.1175119355892815
0.95281249999999984 3.1146246507466202
0.95312499999999989 3.1117239162530654
0.95343749999999994 3.1088096704999502
0.95374999999999988 3.1058818516025442
0.95406249999999992 3.1029403973988146
0.95437499999999997 3.0999852454481944
0.95468749999999991 3.0970163330303255
0.95499999999999996 3.0940335971438002
0.95531250000000001 3.0910369745049171
0.95562499999999995 3.0880264015464007
0.9559375 3.0850018144161382
0.95625000000000004 3.0819631489759005
0.95656249999999998 3.0789103408000607
0.95687500000000003 3.0758433251743043
0.95718750000000008 3.0727620370943405
0.95750000000000002 3.0696664112645937
0.95781249999999996 3.0665563820969077
0.958125 3.0634318837092245
0.95843750000000005 3.0602928499242754
0.95874999999999999 3.0571392142682585
0.95906249999999993 3.0539709099694972
0.95937499999999998 3.0507878699571207
0.95968750000000003 3.047590026859714
0.95999999999999996 3.044377313003972
0.9603124999999999 3.041149660413351
0.96062499999999995 3.0379070008067002
0.9609375 3.0346492655969071
0.96124999999999994 3.0313763858895229
0.96156249999999988 3.0280882924813777
0.96187499999999992 3.0247849158592075
0.96218749999999997 3.0214661861982575
0.96249999999999991 3.0181320333608896
0.96281249999999985 3.0147823868951797
0.9631249999999999 3.0114171760335022
0.96343749999999995 3.0080363296911274
0.96374999999999988 3.004639776464793
0.96406249999999993 3.001227444631271
0.96437499999999998 2.9977992621459495
0.96468749999999992 2.9943551566413764
0.96499999999999997 2.9908950554258165
0.96531250000000002 2.9874188854818078
0.96562499999999996 2.9839265734646903
0.9659375 2.9804180457011387
0.96625000000000005 2.976893228187703
0.96656249999999999 2.9733520465893148
0.96687500000000004 2.9697944262378031
0.96718750000000009 2.9662202921304108
0.96750000000000003 2.962629568928286
0.96781249999999996 2.9590221809549782
0.96812500000000001 2.9553980521949237
0.96843750000000006 2.951757106291927
0.96875 2.9480992665476431
0.96906249999999994 2.9444244559200232
0.96937499999999999 2.9407325970217917
0.96968750000000004 2.9370236121188968
0.96999999999999997 2.9332974231289484
0.97031249999999991 2.9295539516196651
0.97062499999999996 2.9257931188072996
0.97093750000000001 2.9220148455550659
0.97124999999999995 2.9182190523715636
0.97156249999999988 2.9144056594091765
0.97187499999999993 2.910574586462479
0.97218749999999998 2.9067257529666461
0.97249999999999992 2.9028590779958234
0.97281249999999986 2.8989744802615225
0.97312499999999991 2.8950718781109845
0.97343749999999996 2.8911511895255573
0.97374999999999989 2.8872123321190575
0.97406249999999994 2.883255223136107
0.97437499999999999 2.8792797794504947
0.97468749999999993 2.8752859175635126
0.97499999999999998 2.8712735536022738
0.97531250000000003 2.867242603318048
0.97562499999999996 2.8631929820845787
0.97593750000000001 2.8591246048963743
0.97625000000000006 2.8550373863670293
0.9765625 2.8509312407275056
0.97687500000000005 2.8468060818244103
0.9771875000000001 2.8426618231182958
0.97750000000000004 2.8384983776819115
0.97781249999999997 2.8343156581984612
0.97812500000000002 2.8301135769598762
0.97843750000000007 2.8258920458650492
0.97875000000000001 2.8216509764180726
0.97906249999999995 2.8173902797264758
0.979375 2.8131098664994365
0.97968750000000004 2.8088096470460102
0.97999999999999998 2.804489531273326
0.98031249999999992 2.8001494286847857
0.98062499999999997 2.7957892483782585
0.98093750000000002 2.7914088990442636
0.98124999999999996 2.7870082889641408
0.98156249999999989 2.7825873260082217
0.98187499999999994 2.7781459176339753
0.98218749999999999 2.7736839708841794
0.98249999999999993 2.7692013923850425
0.98281249999999987 2.7646980883443408
0.98312499999999992 2.7601739645495509
0.98343749999999996 2.7556289263659575
0.9837499999999999 2.7510628787347668
0.98406249999999995 2.7464757261712003
0.984375 2.7418673727625911
0.98468749999999994 2.7372377221664665
0.98499999999999999 2.7325866776086114
0.98531250000000004 2.7279141418811443
0.98562499999999997 2.7232200173405756
0.98593750000000002 2.7185042059058411
0.98609374999999999 2.7161381368327007
0.98625000000000007 2.7137666090563508
0.98640625000000004 2.7113896101927253
0.98656250000000001 2.7090071278300272
0.98671875000000009 2.7066191495286871
0.98687500000000006 2.7042256628213028
0.98703125000000003 2.7018266552125514
0.98718750000000011 2.6994221141791543
0.98734375000000008 2.6970120271698068
0.98750000000000004 2.6945963816051037
0.98765625000000001 2.6921751648774901
0.98781249999999998 2.6897483643511948
0.98796875000000006 2.6873159673621645
0.98812500000000003 2.6848779612180018
0.98828125 2.6824343331979028
0.98843750000000008 2.6799850705525916
0.98859375000000005 2.6775301605042587
0.98875000000000002 2.6750695902464949
0.98890624999999999 2.6726033469442325
0.98906249999999996 2.6701314177336695
0.98921875000000004 2.6676537897222152
0.989375 2.6651704499884339
0.98953124999999997 2.662681385581954
0.98968750000000005 2.6601865835234269
0.98984375000000002 2.6576860308044594
0.98999999999999999 2.6551797143875326
0.99015624999999996 2.6526676212059561
0.99031249999999993 2.65014973816379
0.99046875000000001 2.6476260521357862
0.99062499999999998 2.6450965499673185
0.99078124999999995 2.6425612184743192
0.99093750000000003 2.6400200444432151
0.99109375 2.6374730146308556
0.99124999999999996 2.6349201157644515
0.99140624999999993 2.6323613345415087
0.9915624999999999 2.6297966576297549
0.99171874999999998 2.6272260716670806
0.99187499999999995 2.6246495632614772
0.99203124999999992 2.6220671189909508
0.9921875 2.6194787254034706
0.99234374999999997 2.6168843690169092
0.99249999999999994 2.6142840363189461
0.99265624999999991 2.6116777137670297
0.99281249999999988 2.609065387788295
0.99296874999999996 2.6064470447794998
0.99312499999999992 2.6038226711069541
0.99328124999999989 2.6011922531064537
0.99343749999999997 2.5985557770832131
0.99359374999999994 2.5959132293117948
0.99374999999999991 2.5932645960360423
0.99390624999999999 2.5906098634690076
0.99406249999999996 2.5879490177928899
0.99421874999999993 2.5852820451589587
0.99437500000000001 2.5826089316874876
0.99453124999999998 2.5799296634676878
0.99468749999999995 2.5772442265576339
0.99484375000000003 2.5745526069841951
0.995 2.5718547907429699
0.99515624999999996 2.5691507637982078
0.99531250000000004 2.5664405120827487
0.99546875000000001 2.5637240214979444
0.99562499999999998 2.5610012779135936
0.99578125000000006 2.5582722671678684
0.99593750000000003 2.5555369750672439
0.99609375 2.5527953873864289
0.99625000000000008 2.5500474898682919
0.99640625000000005 2.5472932682237932
0.99656250000000002 2.5445327081319093
0.9967187500000001 2.5417657952395651
0.99687500000000007 2.5389925151615671
0.99703125000000004 2.5362128534805115
0.99718750000000012 2.5334267957467356
0.99734375000000008 2.5306343274782392
0.99750000000000005 2.5278354341605969
0.99765625000000002 2.5250301012469052
0.99781249999999999 2.5222183141577048
0.99796875000000007 2.5194000582808931
0.99812500000000004 2.516575318971678
0.99828125000000001 2.5137440815524821
0.99843750000000009 2.5109063313128717
0.99859375000000006 2.5080620535094988
0.99875000000000003 2.5052112333660155
0.99890625 2.5023538560729923
0.99906249999999996 2.4994899067878618
0.99921875000000004 2.4966193706348339
0.99937500000000001 2.4937422327048293
0.99953124999999998 2.4908584780553884
0.99968750000000006 2.4879680917106128
0.99984375000000003 2.4850710586610947
1 2.4821673638638151
