0 363 0 363
0 0 4.75155887786039e-311
0 92 -1.90062355115592e-311
0 91 -9.50311775608343e-312
0 1 -1.90062355109564e-311
1 1 7.60249629306138e-311
1 93 -9.50312819857093e-312
1 2 -9.50312819857093e-312
1 92 -1.90062355109613e-311
1 91 -1.90062355115592e-311
1 0 -1.90062355109564e-311
2 2 1.90063190556982e-311
2 94 -2.08861854595139e-317
2 3 -2.08861805188574e-317
2 93 -2.08861805188574e-317
2 92 -9.50312819857093e-312
2 1 -9.50312819857093e-312
3 3 8.35447418380556e-317
3 95 -1.04430902594287e-317
3 4 -1.04430902594287e-317
3 94 -2.08861805188574e-317
3 93 -2.08861854595139e-317
3 2 -2.08861805188574e-317
4 4 2.08861854595139e-317
4 94 -1.04430902594287e-317
4 3 -1.04430902594287e-317
5 5 0.00000000000000e+00
6 6 0.00000000000000e+00
7 7 0.00000000000000e+00
8 8 0.00000000000000e+00
9 9 0.00000000000000e+00
10 10 0.00000000000000e+00
11 11 0.00000000000000e+00
12 12 0.00000000000000e+00
13 13 0.00000000000000e+00
14 14 0.00000000000000e+00
15 15 0.00000000000000e+00
16 16 0.00000000000000e+00
17 17 0.00000000000000e+00
18 18 0.00000000000000e+00
19 19 0.00000000000000e+00
20 20 0.00000000000000e+00
21 21 0.00000000000000e+00
22 22 0.00000000000000e+00
23 23 0.00000000000000e+00
24 24 0.00000000000000e+00
25 25 0.00000000000000e+00
26 26 0.00000000000000e+00
27 27 0.00000000000000e+00
28 28 0.00000000000000e+00
29 29 0.00000000000000e+00
30 30 0.00000000000000e+00
31 31 0.00000000000000e+00
32 32 0.00000000000000e+00
33 33 0.00000000000000e+00
34 34 0.00000000000000e+00
35 35 0.00000000000000e+00
36 36 0.00000000000000e+00
37 37 0.00000000000000e+00
38 38 0.00000000000000e+00
39 39 0.00000000000000e+00
40 40 0.00000000000000e+00
41 41 0.00000000000000e+00
42 42 0.00000000000000e+00
43 43 0.00000000000000e+00
44 44 0.00000000000000e+00
45 45 0.00000000000000e+00
46 46 0.00000000000000e+00
47 47 0.00000000000000e+00
48 48 0.00000000000000e+00
49 49 0.00000000000000e+00
50 50 0.00000000000000e+00
51 51 0.00000000000000e+00
52 52 0.00000000000000e+00
53 53 0.00000000000000e+00
54 54 0.00000000000000e+00
55 55 0.00000000000000e+00
56 56 0.00000000000000e+00
57 57 0.00000000000000e+00
58 58 0.00000000000000e+00
59 59 0.00000000000000e+00
60 60 0.00000000000000e+00
61 61 0.00000000000000e+00
62 62 0.00000000000000e+00
63 63 0.00000000000000e+00
64 64 0.00000000000000e+00
65 65 0.00000000000000e+00
66 66 0.00000000000000e+00
67 67 0.00000000000000e+00
68 68 0.00000000000000e+00
69 69 0.00000000000000e+00
70 70 0.00000000000000e+00
71 71 0.00000000000000e+00
72 72 0.00000000000000e+00
73 73 0.00000000000000e+00
74 74 0.00000000000000e+00
75 75 0.00000000000000e+00
76 76 0.00000000000000e+00
77 77 0.00000000000000e+00
78 78 0.00000000000000e+00
79 79 0.00000000000000e+00
80 80 0.00000000000000e+00
81 81 0.00000000000000e+00
82 82 0.00000000000000e+00
83 83 0.00000000000000e+00
84 84 0.00000000000000e+00
85 85 0.00000000000000e+00
86 86 0.00000000000000e+00
87 87 0.00000000000000e+00
88 88 0.00000000000000e+00
89 89 6.04736350509686e-321
89 181 -3.02368175254843e-321
89 90 -3.02368175254843e-321
90 90 9.07104525764529e-321
90 181 -3.02368175254843e-321
90 180 -3.02368175254843e-321
90 89 -3.02368175254843e-321
91 91 2.85093532700685e-311
91 182 -6.07700744384733e-322
91 1 -1.90062355115592e-311
91 92 -1.21540148876947e-321
91 183 -6.02760087926321e-322
91 0 -9.50311775608343e-312
92 92 4.75155992229096e-311
92 182 -6.02760087926321e-322
92 2 -9.50312819857093e-312
92 1 -1.90062355109613e-311
92 183 -4.94065645841247e-324
92 91 -1.21540148876947e-321
92 0 -1.90062355115592e-311
93 93 9.50316997093691e-312
93 2 -2.08861805188574e-317
93 3 -2.08861854595139e-317
93 1 -9.50312819857093e-312
94 94 5.22154611784565e-317
94 3 -2.08861805188574e-317
94 4 -1.04430902594287e-317
94 2 -2.08861854595139e-317
95 95 1.04430952000852e-317
95 3 -1.04430902594287e-317
96 96 0.00000000000000e+00
97 97 0.00000000000000e+00
98 98 0.00000000000000e+00
99 99 0.00000000000000e+00
100 100 0.00000000000000e+00
101 101 0.00000000000000e+00
102 102 0.00000000000000e+00
103 103 0.00000000000000e+00
104 104 0.00000000000000e+00
105 105 0.00000000000000e+00
106 106 0.00000000000000e+00
107 107 0.00000000000000e+00
108 108 0.00000000000000e+00
109 109 0.00000000000000e+00
110 110 0.00000000000000e+00
111 111 0.00000000000000e+00
112 112 0.00000000000000e+00
113 113 0.00000000000000e+00
114 114 0.00000000000000e+00
115 115 0.00000000000000e+00
116 116 0.00000000000000e+00
117 117 0.00000000000000e+00
118 118 0.00000000000000e+00
119 119 0.00000000000000e+00
120 120 0.00000000000000e+00
121 121 0.00000000000000e+00
122 122 0.00000000000000e+00
123 123 0.00000000000000e+00
124 124 0.00000000000000e+00
125 125 0.00000000000000e+00
126 126 0.00000000000000e+00
127 127 0.00000000000000e+00
128 128 0.00000000000000e+00
129 129 0.00000000000000e+00
130 130 0.00000000000000e+00
131 131 0.00000000000000e+00
132 132 0.00000000000000e+00
133 133 0.00000000000000e+00
134 134 0.00000000000000e+00
135 135 0.00000000000000e+00
136 136 0.00000000000000e+00
137 137 0.00000000000000e+00
138 138 0.00000000000000e+00
139 139 0.00000000000000e+00
140 140 0.00000000000000e+00
141 141 0.00000000000000e+00
142 142 0.00000000000000e+00
143 143 0.00000000000000e+00
144 144 0.00000000000000e+00
145 145 0.00000000000000e+00
146 146 0.00000000000000e+00
147 147 0.00000000000000e+00
148 148 0.00000000000000e+00
149 149 0.00000000000000e+00
150 150 0.00000000000000e+00
151 151 0.00000000000000e+00
152 152 0.00000000000000e+00
153 153 0.00000000000000e+00
154 154 0.00000000000000e+00
155 155 0.00000000000000e+00
156 156 0.00000000000000e+00
157 157 0.00000000000000e+00
158 158 0.00000000000000e+00
159 159 0.00000000000000e+00
160 160 0.00000000000000e+00
161 161 0.00000000000000e+00
162 162 0.00000000000000e+00
163 163 0.00000000000000e+00
164 164 0.00000000000000e+00
165 165 0.00000000000000e+00
166 166 0.00000000000000e+00
167 167 0.00000000000000e+00
168 168 0.00000000000000e+00
169 169 0.00000000000000e+00
170 170 0.00000000000000e+00
171 171 0.00000000000000e+00
172 172 0.00000000000000e+00
173 173 0.00000000000000e+00
174 174 0.00000000000000e+00
175 175 0.00000000000000e+00
176 176 0.00000000000000e+00
177 177 0.00000000000000e+00
178 178 0.00000000000000e+00
179 179 0.00000000000000e+00
180 180 3.02368175254843e-321
180 90 -3.02368175254843e-321
181 181 6.04736350509686e-321
181 90 -3.02368175254843e-321
181 89 -3.02368175254843e-321
182 182 1.21046083231105e-321
182 183 -4.94065645841247e-324
182 92 -6.02760087926321e-322
182 91 -6.07700744384733e-322
183 183 2.48663239551899e-320
183 92 -4.94065645841247e-324
183 275 -2.42536825543468e-320
183 182 -4.94065645841247e-324
183 91 -6.02760087926321e-322
184 184 1.04910492116705e-317
184 276 -1.04182832233510e-317
184 275 -4.85123057651520e-320
184 274 -2.42536825543468e-320
185 185 9.50315935505707e-312
185 277 -9.50312814871971e-312
185 276 -2.07880541409369e-317
185 275 -1.04182832233510e-317
186 186 3.80124814128050e-311
186 278 -9.50311775469017e-312
186 277 -1.90062355094001e-311
186 276 -9.50312814871971e-312
187 187 9.50311775469511e-312
187 277 -9.50311775469017e-312
188 188 1.12642609929761e-312
188 280 -1.12642609930255e-312
189 189 5.66396043335745e-312
189 281 -2.28468213546463e-312
189 280 -2.25285219859027e-312
189 279 -1.12642609930255e-312
190 190 6.94953621700710e-312
190 282 -2.34834200920347e-312
190 191 4.94065645841247e-324
190 281 -2.31651207233899e-312
190 280 -2.28468213546463e-312
191 191 7.14051583823350e-312
191 283 -2.41200188295219e-312
191 282 -2.38017194607783e-312
191 281 -2.34834200920347e-312
191 190 4.94065645841247e-324
192 192 7.33149545946484e-312
192 284 -2.47566175669103e-312
192 283 -2.44383181982161e-312
192 282 -2.41200188295219e-312
193 193 7.52247508069618e-312
193 285 -2.53932163043481e-312
193 284 -2.50749169357033e-312
193 283 -2.47566175669597e-312
194 194 7.71345470193246e-312
194 286 -2.60298150418847e-312
194 285 -2.57115156730917e-312
194 284 -2.53932163043481e-312
195 195 7.90443432315392e-312
195 287 -2.66664137792237e-312
195 286 -2.63481144104801e-312
195 285 -2.60298150418847e-312
196 196 8.09541394439020e-312
196 288 -2.73030125167109e-312
196 287 -2.69847131480661e-312
196 286 -2.66664137792237e-312
197 197 8.28639356563142e-312
197 289 -2.79396112540993e-312
197 288 -2.76213118854051e-312
197 287 -2.73030125167109e-312
198 198 8.47737318685782e-312
198 290 -2.85762099915865e-312
198 289 -2.82579106228923e-312
198 288 -2.79396112540993e-312
199 199 8.66835280808916e-312
199 291 -2.92128087289749e-312
199 290 -2.88945093602807e-312
199 289 -2.85762099915865e-312
200 200 8.85933242931556e-312
200 292 -2.98494074664621e-312
200 291 -2.95311080976691e-312
200 290 -2.92128087289749e-312
201 201 9.05031205054690e-312
201 293 -3.04860062038999e-312
201 292 -3.01677068352552e-312
201 291 -2.98494074664621e-312
202 202 9.24129167177824e-312
202 294 -3.11226049413377e-312
202 293 -3.08043055725941e-312
202 292 -3.04860062039494e-312
203 203 9.43227129300958e-312
203 295 -3.17592036788250e-312
203 294 -3.14409043100319e-312
203 293 -3.11226049413377e-312
204 204 9.62325091424092e-312
204 296 -3.23958024161639e-312
204 295 -3.20775030475192e-312
204 294 -3.17592036788250e-312
205 205 9.81423053547721e-312
205 297 -3.30324011536512e-312
205 296 -3.27141017848581e-312
205 295 -3.23958024161639e-312
206 206 1.00052101567135e-311
206 298 -3.36689998910395e-312
206 207 4.94065645841247e-324
206 297 -3.33507005223948e-312
206 296 -3.30324011536512e-312
207 207 1.01961897779448e-311
207 299 -3.43055986285268e-312
207 298 -3.39872992597832e-312
207 297 -3.36689998910395e-312
207 206 4.94065645841247e-324
208 208 1.03871693991663e-311
208 300 -3.49421973659646e-312
208 299 -3.46238979972210e-312
208 298 -3.43055986285268e-312
209 209 1.05781490203976e-311
209 301 -3.55787961033530e-312
209 300 -3.52604967347082e-312
209 299 -3.49421973659646e-312
210 210 1.07691286416339e-311
210 302 -3.62153948408402e-312
210 301 -3.58970954720966e-312
210 300 -3.55787961033530e-312
211 211 1.09601082628554e-311
211 303 -3.68519935782286e-312
211 302 -3.65336942094849e-312
211 301 -3.62153948408402e-312
212 212 1.11510878840916e-311
212 304 -3.74885923157158e-312
212 303 -3.71702929470710e-312
212 302 -3.68519935782286e-312
213 213 1.13420675053279e-311
213 305 -3.81251910531042e-312
213 304 -3.78068916844100e-312
213 303 -3.74885923157158e-312
214 214 1.15330471265593e-311
214 306 -3.87617897905914e-312
214 305 -3.84434904218972e-312
214 304 -3.81251910531042e-312
215 215 1.17240267477857e-311
215 307 -3.93983885279798e-312
215 306 -3.90800891592856e-312
215 305 -3.87617897905914e-312
216 216 1.19150063690219e-311
216 308 -4.00349872654670e-312
216 307 -3.97166878966740e-312
216 306 -3.93983885280292e-312
217 217 1.21059859902483e-311
217 309 -4.06715860029048e-312
217 308 -4.03532866342600e-312
217 307 -4.00349872654670e-312
218 218 1.22969656114797e-311
218 310 -4.13081847402932e-312
218 309 -4.09898853715990e-312
218 308 -4.06715860029542e-312
219 219 1.24879452327110e-311
219 311 -4.19447834777804e-312
219 310 -4.16264841090368e-312
219 309 -4.13081847402932e-312
220 220 1.26789248539473e-311
220 312 -4.25813822151688e-312
220 311 -4.22630828464746e-312
220 310 -4.19447834777804e-312
221 221 1.28699044751787e-311
221 313 -4.32179809526560e-312
221 312 -4.28996815838630e-312
221 311 -4.25813822151688e-312
222 222 1.30608840964100e-311
222 314 -4.38545796900444e-312
222 223 4.94065645841247e-324
222 313 -4.35362803213996e-312
222 312 -4.32179809526560e-312
223 223 1.32518637176413e-311
223 315 -4.44911784275316e-312
223 314 -4.41728790587880e-312
223 313 -4.38545796900444e-312
223 222 4.94065645841247e-324
224 224 1.34428433388677e-311
224 316 -4.51277771649694e-312
224 315 -4.48094777962258e-312
224 314 -4.44911784275316e-312
225 225 1.36338229601040e-311
225 317 -4.57643759023578e-312
225 316 -4.54460765337130e-312
225 315 -4.51277771650188e-312
226 226 1.38248025813354e-311
226 318 -4.64009746398450e-312
226 317 -4.60826752711014e-312
226 316 -4.57643759023578e-312
227 227 1.40157822025568e-311
227 319 -4.70375733772334e-312
227 318 -4.67192740084898e-312
227 317 -4.64009746398450e-312
228 228 1.42014568343206e-311
228 320 -4.76211222199465e-312
228 319 -4.73558727460758e-312
228 318 -4.70375733772334e-312
229 229 1.43659115081649e-311
229 321 -4.81516211677866e-312
229 320 -4.78863716938665e-312
229 319 -4.76211222199465e-312
230 230 1.45303661819845e-311
230 322 -4.87351700104008e-312
230 321 -4.84168706415584e-312
230 320 -4.81516211677866e-312
231 231 1.47160408137433e-311
231 323 -4.93717687478881e-312
231 322 -4.90534693791445e-312
231 321 -4.87351700104008e-312
232 232 1.49070204349747e-311
232 324 -5.00083674852764e-312
232 323 -4.96900681166811e-312
232 322 -4.93717687478881e-312
233 233 1.50980000562060e-311
233 325 -5.06449662227637e-312
233 324 -5.03266668540201e-312
233 323 -5.00083674853259e-312
234 234 1.52889796774423e-311
234 326 -5.12815649602509e-312
234 325 -5.09632655914579e-312
234 324 -5.06449662227637e-312
235 235 1.54799592986687e-311
235 327 -5.19181636975899e-312
235 326 -5.15998643289451e-312
235 325 -5.12815649602509e-312
236 236 1.56709389199000e-311
236 328 -5.25547624350771e-312
236 327 -5.22364630662841e-312
236 326 -5.19181636975899e-312
237 237 1.58619185411314e-311
237 329 -5.31913611724655e-312
237 328 -5.28730618037713e-312
237 327 -5.25547624350771e-312
238 238 1.60528981623726e-311
238 330 -5.38279599099527e-312
238 329 -5.35096605412585e-312
238 328 -5.31913611724655e-312
239 239 1.62438777835990e-311
239 331 -5.44645586473411e-312
239 330 -5.41462592786469e-312
239 329 -5.38279599099527e-312
240 240 1.64348574048254e-311
240 332 -5.51011573848283e-312
240 331 -5.47828580161341e-312
240 330 -5.44645586473411e-312
241 241 1.66258370260617e-311
241 333 -5.57377561222661e-312
241 332 -5.54194567534731e-312
241 331 -5.51011573848283e-312
242 242 1.68168166472881e-311
242 334 -5.63743548596545e-312
242 333 -5.60560554909603e-312
242 332 -5.57377561223155e-312
243 243 1.70077962685244e-311
243 335 -5.70109535971417e-312
243 334 -5.66926542284969e-312
243 333 -5.63743548596545e-312
244 244 1.71987758897508e-311
244 336 -5.76475523345301e-312
244 335 -5.73292529658359e-312
244 334 -5.70109535971417e-312
245 245 1.73897555109870e-311
245 337 -5.82841510720173e-312
245 336 -5.79658517032243e-312
245 335 -5.76475523345301e-312
246 246 1.75807351322233e-311
246 338 -5.89207498094057e-312
246 337 -5.86024504407609e-312
246 336 -5.82841510720173e-312
247 247 1.77717147534448e-311
247 339 -5.95573485468929e-312
247 338 -5.92390491780999e-312
247 337 -5.89207498094057e-312
248 248 1.79626943746761e-311
248 340 -6.01939472842813e-312
248 339 -5.98756479156859e-312
248 338 -5.95573485468929e-312
249 249 1.81536739959075e-311
249 341 -6.08305460217685e-312
249 340 -6.05122466530249e-312
249 339 -6.01939472843307e-312
250 250 1.83446536171437e-311
250 342 -6.14671447592557e-312
250 341 -6.11488453904627e-312
250 340 -6.08305460217685e-312
251 251 1.85356332383701e-311
251 343 -6.21037434966441e-312
251 342 -6.17854441279499e-312
251 341 -6.14671447592557e-312
252 252 1.87266128596015e-311
252 344 -6.27403422340819e-312
252 343 -6.24220428652889e-312
252 342 -6.21037434966441e-312
253 253 1.89175924808427e-311
253 345 -6.33769409714703e-312
253 344 -6.30586416027761e-312
253 343 -6.27403422340819e-312
254 254 1.91085721020691e-311
254 346 -6.40135397089575e-312
254 345 -6.36952403402633e-312
254 344 -6.33769409714703e-312
255 255 1.92995517233004e-311
255 347 -6.46501384463459e-312
255 346 -6.43318390776517e-312
255 345 -6.40135397089575e-312
256 256 1.94905313445268e-311
256 348 -6.52867371838331e-312
256 347 -6.49684378151389e-312
256 346 -6.46501384463459e-312
257 257 1.96815109657582e-311
257 349 -6.59233359212215e-312
257 348 -6.56050365524779e-312
257 347 -6.52867371838331e-312
258 258 1.98724905869895e-311
258 350 -6.65599346587087e-312
258 259 4.94065645841247e-324
258 349 -6.62416352899651e-312
258 348 -6.59233359212709e-312
259 259 2.00634702082258e-311
259 351 -6.71965333961465e-312
259 350 -6.68782340274523e-312
259 349 -6.65599346587087e-312
259 258 4.94065645841247e-324
260 260 2.02544498294522e-311
260 352 -6.78331321335349e-312
260 351 -6.75148327648407e-312
260 350 -6.71965333961465e-312
261 261 2.04454294506835e-311
261 353 -6.84697308710221e-312
261 352 -6.81514315022291e-312
261 351 -6.78331321335349e-312
262 262 2.06364090719198e-311
262 354 -6.91063296084105e-312
262 353 -6.87880302397657e-312
262 352 -6.84697308710221e-312
263 263 2.08273886931512e-311
263 355 -6.97429283458977e-312
263 354 -6.94246289771047e-312
263 353 -6.91063296084105e-312
264 264 2.10183683143776e-311
264 356 -7.03795270832861e-312
264 355 -7.00612277146907e-312
264 354 -6.97429283458977e-312
265 265 2.12093479356089e-311
265 357 -7.10161258207733e-312
265 356 -7.06978264520297e-312
265 355 -7.03795270833355e-312
266 266 2.14003275568452e-311
266 358 -7.16527245582605e-312
266 357 -7.13344251894675e-312
266 356 -7.10161258207733e-312
267 267 2.15913071780666e-311
267 359 -7.22893232955995e-312
267 358 -7.19710239269547e-312
267 357 -7.16527245582605e-312
268 268 2.17822867993029e-311
268 360 -7.29259220330867e-312
268 359 -7.26076226642937e-312
268 358 -7.22893232955995e-312
269 269 2.19732664205442e-311
269 361 -7.35625207704751e-312
269 360 -7.32442214017809e-312
269 359 -7.29259220330867e-312
270 270 2.21642460417706e-311
270 362 -7.41991195079623e-312
270 361 -7.38808201392681e-312
270 360 -7.35625207704751e-312
271 271 2.23552256630019e-311
271 363 -7.48357182453507e-312
271 362 -7.45174188766565e-312
271 361 -7.41991195079623e-312
272 272 1.12412727052423e-311
272 363 -3.75770088070719e-312
272 362 -7.48357182453507e-312
273 273 0.00000000000000e+00
274 274 4.85123057651520e-320
274 275 -2.42536825543468e-320
274 184 -2.42536825543468e-320
275 275 2.09335959988888e-317
275 276 -1.04182881640075e-317
275 184 -4.85123057651520e-320
275 185 -1.04182832233510e-317
275 274 -2.42536825543468e-320
275 183 -2.42536825543468e-320
276 276 1.90062979220600e-311
276 277 -9.50312814872465e-312
276 185 -2.07880541409369e-317
276 186 -9.50312814871971e-312
276 275 -1.04182881640075e-317
276 184 -1.04182832233510e-317
277 277 5.70187273162100e-311
277 278 -9.50311775470005e-312
277 186 -1.90062355094001e-311
277 187 -9.50311775469017e-312
277 276 -9.50312814872465e-312
277 185 -9.50312814871971e-312
278 278 1.90062355093902e-311
278 277 -9.50311775470005e-312
278 186 -9.50311775469017e-312
279 279 2.25285219859521e-312
279 280 -1.12642609929761e-312
279 189 -1.12642609930255e-312
280 280 9.07506866810487e-312
280 281 -2.28468213546463e-312
280 189 -2.25285219859027e-312
280 190 -2.28468213546463e-312
280 279 -1.12642609929761e-312
280 188 -1.12642609930255e-312
281 281 1.15825603616801e-311
281 282 -2.34834200920841e-312
281 190 -2.31651207233899e-312
281 191 -2.34834200920347e-312
281 280 -2.28468213546463e-312
281 189 -2.28468213546463e-312
282 282 1.19008597303990e-311
282 283 -2.41200188295219e-312
282 191 -2.38017194607783e-312
282 192 -2.41200188295219e-312
282 281 -2.34834200920841e-312
282 190 -2.34834200920347e-312
283 283 1.22191590991130e-311
283 284 -2.47566175669597e-312
283 192 -2.44383181982161e-312
283 193 -2.47566175669597e-312
283 282 -2.41200188295219e-312
283 191 -2.41200188295219e-312
284 284 1.25374584678270e-311
284 285 -2.53932163043975e-312
284 193 -2.50749169357033e-312
284 194 -2.53932163043481e-312
284 283 -2.47566175669597e-312
284 192 -2.47566175669103e-312
285 285 1.28557578365508e-311
285 286 -2.60298150417859e-312
285 194 -2.57115156730917e-312
285 195 -2.60298150418847e-312
285 284 -2.53932163043975e-312
285 193 -2.53932163043481e-312
286 286 1.31740572052697e-311
286 287 -2.66664137792731e-312
286 195 -2.63481144104801e-312
286 196 -2.66664137792237e-312
286 285 -2.60298150417859e-312
286 194 -2.60298150418847e-312
287 287 1.34923565739886e-311
287 288 -2.73030125167109e-312
287 196 -2.69847131480661e-312
287 197 -2.73030125167109e-312
287 286 -2.66664137792731e-312
287 195 -2.66664137792237e-312
288 288 1.38106559427075e-311
288 289 -2.79396112541487e-312
288 197 -2.76213118854051e-312
288 198 -2.79396112540993e-312
288 287 -2.73030125167109e-312
288 196 -2.73030125167109e-312
289 289 1.41289553114264e-311
289 290 -2.85762099915865e-312
289 198 -2.82579106228923e-312
289 199 -2.85762099915865e-312
289 288 -2.79396112541487e-312
289 197 -2.79396112540993e-312
290 290 1.44472546801503e-311
290 291 -2.92128087290243e-312
290 199 -2.88945093602807e-312
290 200 -2.92128087289749e-312
290 289 -2.85762099915865e-312
290 198 -2.85762099915865e-312
291 291 1.47655540488642e-311
291 292 -2.98494074664621e-312
291 200 -2.95311080976691e-312
291 201 -2.98494074664621e-312
291 290 -2.92128087290243e-312
291 199 -2.92128087289749e-312
292 292 1.50838534175782e-311
292 293 -3.04860062038999e-312
292 201 -3.01677068352552e-312
292 202 -3.04860062039494e-312
292 291 -2.98494074664621e-312
292 200 -2.98494074664621e-312
293 293 1.54021527863020e-311
293 294 -3.11226049412883e-312
293 202 -3.08043055725941e-312
293 203 -3.11226049413377e-312
293 292 -3.04860062038999e-312
293 201 -3.04860062038999e-312
294 294 1.57204521550209e-311
294 295 -3.17592036787755e-312
294 203 -3.14409043100319e-312
294 204 -3.17592036788250e-312
294 293 -3.11226049412883e-312
294 202 -3.11226049413377e-312
295 295 1.60387515237398e-311
295 296 -3.23958024162134e-312
295 204 -3.20775030475192e-312
295 205 -3.23958024161639e-312
295 294 -3.17592036787755e-312
295 203 -3.17592036788250e-312
296 296 1.63570508924587e-311
296 297 -3.30324011536512e-312
296 205 -3.27141017848581e-312
296 206 -3.30324011536512e-312
296 295 -3.23958024162134e-312
296 204 -3.23958024161639e-312
297 297 1.66753502611776e-311
297 298 -3.36689998910890e-312
297 206 -3.33507005223948e-312
297 207 -3.36689998910395e-312
297 296 -3.30324011536512e-312
297 205 -3.30324011536512e-312
298 298 1.69936496298965e-311
298 299 -3.43055986285268e-312
298 207 -3.39872992597832e-312
298 208 -3.43055986285268e-312
298 297 -3.36689998910890e-312
298 206 -3.36689998910395e-312
299 299 1.73119489986105e-311
299 300 -3.49421973659646e-312
299 208 -3.46238979972210e-312
299 209 -3.49421973659646e-312
299 298 -3.43055986285268e-312
299 207 -3.43055986285268e-312
300 300 1.76302483673294e-311
300 301 -3.55787961034024e-312
300 209 -3.52604967347082e-312
300 210 -3.55787961033530e-312
300 299 -3.49421973659646e-312
300 208 -3.49421973659646e-312
301 301 1.79485477360532e-311
301 302 -3.62153948407908e-312
301 210 -3.58970954720966e-312
301 211 -3.62153948408402e-312
301 300 -3.55787961034024e-312
301 209 -3.55787961033530e-312
302 302 1.82668471047721e-311
302 303 -3.68519935782780e-312
302 211 -3.65336942094849e-312
302 212 -3.68519935782286e-312
302 301 -3.62153948407908e-312
302 210 -3.62153948408402e-312
303 303 1.85851464734910e-311
303 304 -3.74885923157158e-312
303 212 -3.71702929470710e-312
303 213 -3.74885923157158e-312
303 302 -3.68519935782780e-312
303 211 -3.68519935782286e-312
304 304 1.89034458422099e-311
304 305 -3.81251910531536e-312
304 213 -3.78068916844100e-312
304 214 -3.81251910531042e-312
304 303 -3.74885923157158e-312
304 212 -3.74885923157158e-312
305 305 1.92217452109338e-311
305 306 -3.87617897905914e-312
305 214 -3.84434904218972e-312
305 215 -3.87617897905914e-312
305 304 -3.81251910531536e-312
305 213 -3.81251910531042e-312
306 306 1.95400445796477e-311
306 307 -3.93983885280292e-312
306 215 -3.90800891592856e-312
306 216 -3.93983885280292e-312
306 305 -3.87617897905914e-312
306 214 -3.87617897905914e-312
307 307 1.98583439483716e-311
307 308 -4.00349872654670e-312
307 216 -3.97166878966740e-312
307 217 -4.00349872654670e-312
307 306 -3.93983885280292e-312
307 215 -3.93983885279798e-312
308 308 2.01766433170806e-311
308 309 -4.06715860029048e-312
308 217 -4.03532866342600e-312
308 218 -4.06715860029542e-312
308 307 -4.00349872654670e-312
308 216 -4.00349872654670e-312
309 309 2.04949426858044e-311
309 310 -4.13081847402932e-312
309 218 -4.09898853715990e-312
309 219 -4.13081847402932e-312
309 308 -4.06715860029048e-312
309 217 -4.06715860029048e-312
310 310 2.08132420545233e-311
310 311 -4.19447834777804e-312
310 219 -4.16264841090368e-312
310 220 -4.19447834777804e-312
310 309 -4.13081847402932e-312
310 218 -4.13081847402932e-312
311 311 2.11315414232472e-311
311 312 -4.25813822151688e-312
311 220 -4.22630828464746e-312
311 221 -4.25813822151688e-312
311 310 -4.19447834777804e-312
311 219 -4.19447834777804e-312
312 312 2.14498407919710e-311
312 313 -4.32179809526560e-312
312 221 -4.28996815838630e-312
312 222 -4.32179809526560e-312
312 311 -4.25813822151688e-312
312 220 -4.25813822151688e-312
313 313 2.17681401606800e-311
313 314 -4.38545796900938e-312
313 222 -4.35362803213996e-312
313 223 -4.38545796900444e-312
313 312 -4.32179809526560e-312
313 221 -4.32179809526560e-312
314 314 2.20864395293989e-311
314 315 -4.44911784275316e-312
314 223 -4.41728790587880e-312
314 224 -4.44911784275316e-312
314 313 -4.38545796900938e-312
314 222 -4.38545796900444e-312
315 315 2.24047388981228e-311
315 316 -4.51277771649694e-312
315 224 -4.48094777962258e-312
315 225 -4.51277771650188e-312
315 314 -4.44911784275316e-312
315 223 -4.44911784275316e-312
316 316 2.27230382668318e-311
316 317 -4.57643759024072e-312
316 225 -4.54460765337130e-312
316 226 -4.57643759023578e-312
316 315 -4.51277771649694e-312
316 224 -4.51277771649694e-312
317 317 2.30413376355556e-311
317 318 -4.64009746397956e-312
317 226 -4.60826752711014e-312
317 227 -4.64009746398450e-312
317 316 -4.57643759024072e-312
317 225 -4.57643759023578e-312
318 318 2.33596370042745e-311
318 319 -4.70375733772828e-312
318 227 -4.67192740084898e-312
318 228 -4.70375733772334e-312
318 317 -4.64009746397956e-312
318 226 -4.64009746398450e-312
319 319 2.36673263940435e-311
319 320 -4.76211222199465e-312
319 228 -4.73558727460758e-312
319 229 -4.76211222199465e-312
319 318 -4.70375733772828e-312
319 227 -4.70375733772334e-312
320 320 2.39431858469234e-311
320 321 -4.81516211677372e-312
320 229 -4.78863716938665e-312
320 230 -4.81516211677866e-312
320 319 -4.76211222199465e-312
320 228 -4.76211222199465e-312
321 321 2.42190452997983e-311
321 322 -4.87351700104008e-312
321 230 -4.84168706415584e-312
321 231 -4.87351700104008e-312
321 320 -4.81516211677372e-312
321 229 -4.81516211677866e-312
322 322 2.45267346895722e-311
322 323 -4.93717687478386e-312
322 231 -4.90534693791445e-312
322 232 -4.93717687478881e-312
322 321 -4.87351700104008e-312
322 230 -4.87351700104008e-312
323 323 2.48450340583010e-311
323 324 -5.00083674853259e-312
323 232 -4.96900681166811e-312
323 233 -5.00083674853259e-312
323 322 -4.93717687478386e-312
323 231 -4.93717687478881e-312
324 324 2.51633334270100e-311
324 325 -5.06449662227143e-312
324 233 -5.03266668540201e-312
324 234 -5.06449662227637e-312
324 323 -5.00083674853259e-312
324 232 -5.00083674852764e-312
325 325 2.54816327957339e-311
325 326 -5.12815649602015e-312
325 234 -5.09632655914579e-312
325 235 -5.12815649602509e-312
325 324 -5.06449662227143e-312
325 233 -5.06449662227637e-312
326 326 2.57999321644528e-311
326 327 -5.19181636976393e-312
326 235 -5.15998643289451e-312
326 236 -5.19181636975899e-312
326 325 -5.12815649602015e-312
326 234 -5.12815649602509e-312
327 327 2.61182315331766e-311
327 328 -5.25547624350277e-312
327 236 -5.22364630662841e-312
327 237 -5.25547624350771e-312
327 326 -5.19181636976393e-312
327 235 -5.19181636975899e-312
328 328 2.64365309018955e-311
328 329 -5.31913611725149e-312
328 237 -5.28730618037713e-312
328 238 -5.31913611724655e-312
328 327 -5.25547624350277e-312
328 236 -5.25547624350771e-312
329 329 2.67548302706194e-311
329 330 -5.38279599099527e-312
329 238 -5.35096605412585e-312
329 239 -5.38279599099527e-312
329 328 -5.31913611725149e-312
329 237 -5.31913611724655e-312
330 330 2.70731296393333e-311
330 331 -5.44645586473905e-312
330 239 -5.41462592786469e-312
330 240 -5.44645586473411e-312
330 329 -5.38279599099527e-312
330 238 -5.38279599099527e-312
331 331 2.73914290080423e-311
331 332 -5.51011573848283e-312
331 240 -5.47828580161341e-312
331 241 -5.51011573848283e-312
331 330 -5.44645586473905e-312
331 239 -5.44645586473411e-312
332 332 2.77097283767662e-311
332 333 -5.57377561222167e-312
332 241 -5.54194567534731e-312
332 242 -5.57377561223155e-312
332 331 -5.51011573848283e-312
332 240 -5.51011573848283e-312
333 333 2.80280277454851e-311
333 334 -5.63743548597039e-312
333 242 -5.60560554909603e-312
333 243 -5.63743548596545e-312
333 332 -5.57377561222167e-312
333 241 -5.57377561222661e-312
334 334 2.83463271142040e-311
334 335 -5.70109535971417e-312
334 243 -5.66926542284969e-312
334 244 -5.70109535971417e-312
334 333 -5.63743548597039e-312
334 242 -5.63743548596545e-312
335 335 2.86646264829179e-311
335 336 -5.76475523345301e-312
335 244 -5.73292529658359e-312
335 245 -5.76475523345301e-312
335 334 -5.70109535971417e-312
335 243 -5.70109535971417e-312
336 336 2.89829258516467e-311
336 337 -5.82841510720173e-312
336 245 -5.79658517032243e-312
336 246 -5.82841510720173e-312
336 335 -5.76475523345301e-312
336 244 -5.76475523345301e-312
337 337 2.93012252203706e-311
337 338 -5.89207498094551e-312
337 246 -5.86024504407609e-312
337 247 -5.89207498094057e-312
337 336 -5.82841510720173e-312
337 245 -5.82841510720173e-312
338 338 2.96195245890845e-311
338 339 -5.95573485468435e-312
338 247 -5.92390491780999e-312
338 248 -5.95573485468929e-312
338 337 -5.89207498094551e-312
338 246 -5.89207498094057e-312
339 339 2.99378239578034e-311
339 340 -6.01939472843307e-312
339 248 -5.98756479156859e-312
339 249 -6.01939472843307e-312
339 338 -5.95573485468435e-312
339 247 -5.95573485468929e-312
340 340 3.02561233265124e-311
340 341 -6.08305460217191e-312
340 249 -6.05122466530249e-312
340 250 -6.08305460217685e-312
340 339 -6.01939472843307e-312
340 248 -6.01939472842813e-312
341 341 3.05744226952363e-311
341 342 -6.14671447592063e-312
341 250 -6.11488453904627e-312
341 251 -6.14671447592557e-312
341 340 -6.08305460217191e-312
341 249 -6.08305460217685e-312
342 342 3.08927220639552e-311
342 343 -6.21037434966441e-312
342 251 -6.17854441279499e-312
342 252 -6.21037434966441e-312
342 341 -6.14671447592063e-312
342 250 -6.14671447592557e-312
343 343 3.12110214326741e-311
343 344 -6.27403422340325e-312
343 252 -6.24220428652889e-312
343 253 -6.27403422340819e-312
343 342 -6.21037434966441e-312
343 251 -6.21037434966441e-312
344 344 3.15293208013979e-311
344 345 -6.33769409715197e-312
344 253 -6.30586416027761e-312
344 254 -6.33769409714703e-312
344 343 -6.27403422340325e-312
344 252 -6.27403422340819e-312
345 345 3.18476201701119e-311
345 346 -6.40135397089575e-312
345 254 -6.36952403402633e-312
345 255 -6.40135397089575e-312
345 344 -6.33769409715197e-312
345 253 -6.33769409714703e-312
346 346 3.21659195388308e-311
346 347 -6.46501384463953e-312
346 255 -6.43318390776517e-312
346 256 -6.46501384463459e-312
346 345 -6.40135397089575e-312
346 254 -6.40135397089575e-312
347 347 3.24842189075497e-311
347 348 -6.52867371838331e-312
347 256 -6.49684378151389e-312
347 257 -6.52867371838331e-312
347 346 -6.46501384463953e-312
347 255 -6.46501384463459e-312
348 348 3.28025182762686e-311
348 349 -6.59233359212215e-312
348 257 -6.56050365524779e-312
348 258 -6.59233359212709e-312
348 347 -6.52867371838331e-312
348 256 -6.52867371838331e-312
349 349 3.31208176449875e-311
349 350 -6.65599346587087e-312
349 258 -6.62416352899651e-312
349 259 -6.65599346587087e-312
349 348 -6.59233359212215e-312
349 257 -6.59233359212215e-312
350 350 3.34391170137064e-311
350 351 -6.71965333961465e-312
350 259 -6.68782340274523e-312
350 260 -6.71965333961465e-312
350 349 -6.65599346587087e-312
350 258 -6.65599346587087e-312
351 351 3.37574163824253e-311
351 352 -6.78331321335349e-312
351 260 -6.75148327648407e-312
351 261 -6.78331321335349e-312
351 350 -6.71965333961465e-312
351 259 -6.71965333961465e-312
352 352 3.40757157511491e-311
352 353 -6.84697308710221e-312
352 261 -6.81514315022291e-312
352 262 -6.84697308710221e-312
352 351 -6.78331321335349e-312
352 260 -6.78331321335349e-312
353 353 3.43940151198631e-311
353 354 -6.91063296084599e-312
353 262 -6.87880302397657e-312
353 263 -6.91063296084105e-312
353 352 -6.84697308710221e-312
353 261 -6.84697308710221e-312
354 354 3.47123144885820e-311
354 355 -6.97429283458977e-312
354 263 -6.94246289771047e-312
354 264 -6.97429283458977e-312
354 353 -6.91063296084599e-312
354 262 -6.91063296084105e-312
355 355 3.50306138573058e-311
355 356 -7.03795270833355e-312
355 264 -7.00612277146907e-312
355 265 -7.03795270833355e-312
355 354 -6.97429283458977e-312
355 263 -6.97429283458977e-312
356 356 3.53489132260148e-311
356 357 -7.10161258207239e-312
356 265 -7.06978264520297e-312
356 266 -7.10161258207733e-312
356 355 -7.03795270833355e-312
356 264 -7.03795270832861e-312
357 357 3.56672125947387e-311
357 358 -7.16527245582111e-312
357 266 -7.13344251894675e-312
357 267 -7.16527245582605e-312
357 356 -7.10161258207239e-312
357 265 -7.10161258207733e-312
358 358 3.59855119634576e-311
358 359 -7.22893232956489e-312
358 267 -7.19710239269547e-312
358 268 -7.22893232955995e-312
358 357 -7.16527245582111e-312
358 266 -7.16527245582605e-312
359 359 3.63038113321765e-311
359 360 -7.29259220330373e-312
359 268 -7.26076226642937e-312
359 269 -7.29259220330867e-312
359 358 -7.22893232956489e-312
359 267 -7.22893232955995e-312
360 360 3.66221107009003e-311
360 361 -7.35625207705245e-312
360 269 -7.32442214017809e-312
360 270 -7.35625207704751e-312
360 359 -7.29259220330373e-312
360 268 -7.29259220330867e-312
361 361 3.69404100696143e-311
361 362 -7.41991195079623e-312
361 270 -7.38808201392681e-312
361 271 -7.41991195079623e-312
361 360 -7.35625207705245e-312
361 269 -7.35625207704751e-312
362 362 3.72587094383332e-311
362 363 -7.48357182454001e-312
362 271 -7.45174188766565e-312
362 272 -7.48357182453507e-312
362 361 -7.41991195079623e-312
362 270 -7.41991195079623e-312
363 363 1.87248445297823e-311
363 272 -3.75770088070719e-312
363 362 -7.48357182454001e-312
363 271 -7.48357182453507e-312
