138 227 138 227
138 138 3.85696650220076e-12
138 161 -9.64242048715680e-13
138 139 -4.82121024357853e-13
138 160 -9.64241753768468e-13
138 137 -9.64241116905835e-13
138 68 -4.82120558452928e-13
139 139 3.85696996665158e-12
139 162 -9.64243033276792e-13
139 140 -4.82121516638391e-13
139 161 -9.64242343662860e-13
139 160 -9.64242048715680e-13
139 138 -4.82121024357853e-13
140 140 3.85697505505733e-12
140 163 -9.64244521500948e-13
140 141 -4.82122260750455e-13
140 162 -9.64243722890742e-13
140 161 -9.64243033276792e-13
140 139 -4.82121516638391e-13
141 141 3.85698040726574e-12
141 164 -9.64245536602095e-13
141 142 -4.82122768301061e-13
141 163 -9.64245320111181e-13
141 162 -9.64244521500948e-13
141 140 -4.82122260750455e-13
142 142 3.85698346043312e-12
142 165 -9.64246268291315e-13
142 143 -4.82123134145656e-13
142 164 -9.64245753092996e-13
142 163 -9.64245536602095e-13
142 141 -4.82122768301061e-13
143 143 3.85698782110600e-12
143 166 -9.64247756786269e-13
143 144 -4.82123878393144e-13
143 165 -9.64246783489613e-13
143 164 -9.64246268291315e-13
143 142 -4.82123134145656e-13
144 144 3.85699385393302e-12
144 167 -9.64248992447127e-13
144 145 -4.82124496223561e-13
144 166 -9.64248730082915e-13
144 165 -9.64247756786269e-13
144 143 -4.82123878393144e-13
145 145 3.85699695329554e-12
145 168 -9.64249473209010e-13
145 146 -4.82124736604531e-13
145 167 -9.64249254811313e-13
145 166 -9.64248992447127e-13
145 144 -4.82124496223561e-13
146 146 3.85699998684470e-12
146 169 -9.64250723616335e-13
146 147 -4.82125361808149e-13
146 168 -9.64249691606679e-13
146 167 -9.64249473209010e-13
146 145 -4.82124736604531e-13
147 147 3.85700617387061e-12
147 170 -9.64252221880085e-13
147 148 -4.82126110940040e-13
147 169 -9.64251755626005e-13
147 168 -9.64250723616335e-13
147 146 -4.82125361808149e-13
148 148 3.85700991253495e-12
148 171 -9.64252594387099e-13
148 149 -4.82126297193534e-13
148 170 -9.64252688134195e-13
148 169 -9.64252221880085e-13
148 147 -4.82126110940040e-13
149 149 3.85701142763162e-12
149 172 -9.64253356940646e-13
149 150 -4.82126678470335e-13
149 171 -9.64252500640010e-13
149 170 -9.64252594387099e-13
149 148 -4.82126297193534e-13
150 150 3.85701669063502e-12
150 173 -9.64254961321855e-13
150 151 -4.82127480660924e-13
150 172 -9.64254213241265e-13
150 171 -9.64253356940646e-13
150 149 -4.82126678470335e-13
151 151 3.85702132354520e-12
151 174 -9.64255448106657e-13
151 152 -4.82127724053326e-13
151 173 -9.64255709402436e-13
151 172 -9.64254961321855e-13
151 150 -4.82127480660924e-13
152 152 3.85702180093089e-12
152 175 -9.64255627973349e-13
152 153 -4.82127813986670e-13
152 174 -9.64255186810888e-13
152 173 -9.64255448106657e-13
152 151 -4.82127724053326e-13
153 153 3.85702497400535e-12
153 176 -9.64256975273006e-13
153 154 -4.82128487636528e-13
153 175 -9.64256069135797e-13
153 174 -9.64255627973349e-13
153 152 -4.82127813986670e-13
154 154 3.85702985805797e-12
154 177 -9.64257675825514e-13
154 155 -4.82128837912742e-13
154 176 -9.64257881410185e-13
154 175 -9.64256975273006e-13
154 153 -4.82128487636528e-13
155 155 3.85703023714661e-12
155 178 -9.64257502111676e-13
155 156 -4.82128751055834e-13
155 177 -9.64257470240845e-13
155 176 -9.64257675825514e-13
155 154 -4.82128837912742e-13
156 156 3.85703187406768e-12
156 179 -9.64258724611767e-13
156 157 -4.82129362305880e-13
156 178 -9.64257533982528e-13
156 177 -9.64257502111676e-13
156 155 -4.82128751055834e-13
157 157 3.85703772611051e-12
157 180 -9.64259815967898e-13
157 158 -4.82129907983961e-13
157 179 -9.64259915241004e-13
157 178 -9.64258724611767e-13
157 156 -4.82129362305880e-13
158 158 3.85703785031317e-12
158 181 -9.64258939777698e-13
158 159 -4.82129469888845e-13
158 180 -9.64259716694772e-13
158 179 -9.64259815967898e-13
158 157 -4.82129907983961e-13
159 159 1.92851749109685e-12
159 181 -4.82129081430311e-13
159 180 -9.64258939777698e-13
159 158 -4.82129469888845e-13
160 160 7.71393300440152e-12
160 161 -9.64242048715711e-13
160 138 -9.64241753768468e-13
160 139 -9.64242048715680e-13
160 252 -9.64242048715680e-13
160 251 -9.64241753768467e-13
160 250 -9.64241116905834e-13
160 137 -9.64241116905850e-13
160 68 -9.64241116905835e-13
161 161 7.71393993330315e-12
161 162 -9.64243033276777e-13
161 160 -9.64242048715711e-13
161 139 -9.64242343662860e-13
161 140 -9.64243033276792e-13
161 138 -9.64242048715680e-13
161 253 -9.64243033276792e-13
161 252 -9.64242343662860e-13
161 251 -9.64242048715679e-13
162 162 7.71395011011465e-12
162 163 -9.64244521500913e-13
162 161 -9.64243033276777e-13
162 140 -9.64243722890742e-13
162 141 -9.64244521500948e-13
162 139 -9.64243033276792e-13
162 254 -9.64244521500947e-13
162 253 -9.64243722890740e-13
162 252 -9.64243033276791e-13
163 163 7.71396081453149e-12
163 164 -9.64245536602126e-13
163 162 -9.64244521500913e-13
163 141 -9.64245320111181e-13
163 142 -9.64245536602095e-13
163 140 -9.64244521500948e-13
163 255 -9.64245536602095e-13
163 254 -9.64245320111180e-13
163 253 -9.64244521500947e-13
164 164 7.71396692086625e-12
164 165 -9.64246268291316e-13
164 163 -9.64245536602126e-13
164 142 -9.64245753092996e-13
164 143 -9.64246268291315e-13
164 141 -9.64245536602095e-13
164 256 -9.64246268291316e-13
164 255 -9.64245753092995e-13
164 254 -9.64245536602095e-13
165 165 7.71397564221199e-12
165 166 -9.64247756786280e-13
165 164 -9.64246268291316e-13
165 143 -9.64246783489613e-13
165 144 -9.64247756786269e-13
165 142 -9.64246268291315e-13
165 257 -9.64247756786269e-13
165 256 -9.64246783489614e-13
165 255 -9.64246268291315e-13
166 166 7.71398770786602e-12
166 167 -9.64248992447122e-13
166 165 -9.64247756786280e-13
166 144 -9.64248730082915e-13
166 145 -9.64248992447127e-13
166 143 -9.64247756786269e-13
166 258 -9.64248992447126e-13
166 257 -9.64248730082914e-13
166 256 -9.64247756786269e-13
167 167 7.71399390659107e-12
167 168 -9.64249473209056e-13
167 166 -9.64248992447122e-13
167 145 -9.64249254811313e-13
167 146 -9.64249473209010e-13
167 144 -9.64248992447127e-13
167 259 -9.64249473209009e-13
167 258 -9.64249254811312e-13
167 257 -9.64248992447126e-13
168 168 7.71399997368940e-12
168 169 -9.64250723616299e-13
168 167 -9.64249473209056e-13
168 146 -9.64249691606679e-13
168 147 -9.64250723616335e-13
168 145 -9.64249473209010e-13
168 260 -9.64250723616334e-13
168 259 -9.64249691606678e-13
168 258 -9.64249473209009e-13
169 169 7.71401234774123e-12
169 170 -9.64252221880081e-13
169 168 -9.64250723616299e-13
169 147 -9.64251755626005e-13
169 148 -9.64252221880085e-13
169 146 -9.64250723616335e-13
169 261 -9.64252221880084e-13
169 260 -9.64251755626003e-13
169 259 -9.64250723616334e-13
170 170 7.71401982506992e-12
170 171 -9.64252594387080e-13
170 169 -9.64252221880081e-13
170 148 -9.64252688134195e-13
170 149 -9.64252594387099e-13
170 147 -9.64252221880085e-13
170 262 -9.64252594387099e-13
170 261 -9.64252688134195e-13
170 260 -9.64252221880084e-13
171 171 7.71402285526327e-12
171 172 -9.64253356940673e-13
171 170 -9.64252594387080e-13
171 149 -9.64252500640010e-13
171 150 -9.64253356940646e-13
171 148 -9.64252594387099e-13
171 263 -9.64253356940646e-13
171 262 -9.64252500640011e-13
171 261 -9.64252594387099e-13
172 172 7.71403338127005e-12
172 173 -9.64254961321851e-13
172 171 -9.64253356940673e-13
172 150 -9.64254213241265e-13
172 151 -9.64254961321855e-13
172 149 -9.64253356940646e-13
172 264 -9.64254961321854e-13
172 263 -9.64254213241265e-13
172 262 -9.64253356940646e-13
173 173 7.71404264709040e-12
173 174 -9.64255448106654e-13
173 172 -9.64254961321851e-13
173 151 -9.64255709402436e-13
173 152 -9.64255448106657e-13
173 150 -9.64254961321855e-13
173 265 -9.64255448106657e-13
173 264 -9.64255709402435e-13
173 263 -9.64254961321854e-13
174 174 7.71404360186178e-12
174 175 -9.64255627973341e-13
174 173 -9.64255448106654e-13
174 152 -9.64255186810888e-13
174 153 -9.64255627973349e-13
174 151 -9.64255448106657e-13
174 266 -9.64255627973349e-13
174 265 -9.64255186810888e-13
174 264 -9.64255448106657e-13
175 175 7.71404994801069e-12
175 176 -9.64256975273049e-13
175 174 -9.64255627973341e-13
175 153 -9.64256069135797e-13
175 154 -9.64256975273006e-13
175 152 -9.64255627973349e-13
175 267 -9.64256975273005e-13
175 266 -9.64256069135796e-13
175 265 -9.64255627973348e-13
176 176 7.71405971611595e-12
176 177 -9.64257675825494e-13
176 175 -9.64256975273049e-13
176 154 -9.64257881410185e-13
176 155 -9.64257675825514e-13
176 153 -9.64256975273006e-13
176 268 -9.64257675825514e-13
176 267 -9.64257881410184e-13
176 266 -9.64256975273005e-13
177 177 7.71406047429323e-12
177 178 -9.64257502111668e-13
177 176 -9.64257675825494e-13
177 155 -9.64257470240845e-13
177 156 -9.64257502111676e-13
177 154 -9.64257675825514e-13
177 269 -9.64257502111676e-13
177 268 -9.64257470240845e-13
177 267 -9.64257675825514e-13
178 178 7.71406374813537e-12
178 179 -9.64258724611760e-13
178 177 -9.64257502111668e-13
178 156 -9.64257533982528e-13
178 157 -9.64258724611767e-13
178 155 -9.64257502111676e-13
178 270 -9.64258724611767e-13
178 269 -9.64257533982528e-13
178 268 -9.64257502111676e-13
179 179 7.71407545222102e-12
179 180 -9.64259815967925e-13
179 178 -9.64258724611760e-13
179 157 -9.64259915241004e-13
179 158 -9.64259815967898e-13
179 156 -9.64258724611767e-13
179 271 -9.64259815967898e-13
179 270 -9.64259915241004e-13
179 269 -9.64258724611767e-13
180 180 7.71407570062635e-12
180 181 -9.64258939777689e-13
180 179 -9.64259815967925e-13
180 158 -9.64259716694772e-13
180 159 -9.64258939777698e-13
180 157 -9.64259815967898e-13
180 272 -9.64258939777697e-13
180 271 -9.64259716694770e-13
180 270 -9.64259815967897e-13
181 181 3.85703498219370e-12
181 180 -9.64258939777689e-13
181 159 -4.82129081430311e-13
181 158 -9.64258939777698e-13
181 272 -4.82129081430310e-13
181 271 -9.64258939777697e-13
182 182 3.85693750266954e-06
182 183 -9.64234375664508e-07
182 274 -9.64234375664507e-07
182 273 -4.82117187838009e-07
182 70 -9.64234375664507e-07
182 69 -4.82117187838009e-07
183 183 7.71387500515568e-06
183 184 -9.64234375618723e-07
183 182 -9.64234375664508e-07
183 275 -9.64234375618723e-07
183 274 -9.64234375652995e-07
183 273 -9.64234375664508e-07
183 70 -9.64234375652996e-07
183 71 -9.64234375618722e-07
183 69 -9.64234375664507e-07
184 184 7.71387500460848e-06
184 185 -9.64234375527804e-07
184 183 -9.64234375618723e-07
184 276 -9.64234375527805e-07
184 275 -9.64234375584449e-07
184 274 -9.64234375618723e-07
184 71 -9.64234375584449e-07
184 72 -9.64234375527805e-07
184 70 -9.64234375618723e-07
185 185 7.71387500370367e-06
185 186 -9.64234375392644e-07
185 184 -9.64234375527804e-07
185 277 -9.64234375392644e-07
185 276 -9.64234375471161e-07
185 275 -9.64234375527806e-07
185 72 -9.64234375471162e-07
185 73 -9.64234375392644e-07
185 71 -9.64234375527805e-07
186 186 7.71387500245084e-06
186 187 -9.64234375214884e-07
186 185 -9.64234375392644e-07
186 278 -9.64234375214885e-07
186 277 -9.64234375314127e-07
186 276 -9.64234375392644e-07
186 73 -9.64234375314127e-07
186 74 -9.64234375214885e-07
186 72 -9.64234375392645e-07
187 187 7.71387500086750e-06
187 188 -9.64234374997184e-07
187 186 -9.64234375214884e-07
187 279 -9.64234374997184e-07
187 278 -9.64234375115644e-07
187 277 -9.64234375214886e-07
187 74 -9.64234375115645e-07
187 75 -9.64234374997184e-07
187 73 -9.64234375214886e-07
188 188 7.71387499897327e-06
188 189 -9.64234374741427e-07
188 187 -9.64234374997184e-07
188 280 -9.64234374741424e-07
188 279 -9.64234374878722e-07
188 278 -9.64234374997184e-07
188 75 -9.64234374878723e-07
188 76 -9.64234374741424e-07
188 74 -9.64234374997184e-07
189 189 7.71387499678522e-06
189 190 -9.64234374450900e-07
189 188 -9.64234374741427e-07
189 281 -9.64234374450901e-07
189 280 -9.64234374604124e-07
189 279 -9.64234374741425e-07
189 76 -9.64234374604124e-07
189 77 -9.64234374450901e-07
189 75 -9.64234374741425e-07
190 190 7.71387499433671e-06
190 191 -9.64234374129549e-07
190 189 -9.64234374450900e-07
190 282 -9.64234374129552e-07
190 281 -9.64234374297677e-07
190 280 -9.64234374450901e-07
190 77 -9.64234374297678e-07
190 78 -9.64234374129551e-07
190 76 -9.64234374450901e-07
191 191 7.71387499165592e-06
191 192 -9.64234373781469e-07
191 190 -9.64234374129549e-07
191 283 -9.64234373781470e-07
191 282 -9.64234373961427e-07
191 281 -9.64234374129552e-07
191 78 -9.64234373961428e-07
191 79 -9.64234373781470e-07
191 77 -9.64234374129552e-07
192 192 7.71387498878066e-06
192 193 -9.64234373411075e-07
192 191 -9.64234373781469e-07
192 284 -9.64234373411074e-07
192 283 -9.64234373601514e-07
192 282 -9.64234373781471e-07
192 79 -9.64234373601515e-07
192 80 -9.64234373411074e-07
192 78 -9.64234373781471e-07
193 193 7.71387498574410e-06
193 194 -9.64234373023205e-07
193 192 -9.64234373411075e-07
193 285 -9.64234373023205e-07
193 284 -9.64234373220633e-07
193 283 -9.64234373411074e-07
193 80 -9.64234373220634e-07
193 81 -9.64234373023205e-07
193 79 -9.64234373411074e-07
194 194 7.71387498259057e-06
194 195 -9.64234372623140e-07
194 193 -9.64234373023205e-07
194 286 -9.64234372623135e-07
194 285 -9.64234372825773e-07
194 284 -9.64234373023205e-07
194 81 -9.64234372825773e-07
194 82 -9.64234372623135e-07
194 80 -9.64234373023205e-07
195 195 7.71387497936049e-06
195 196 -9.64234372216700e-07
195 194 -9.64234372623140e-07
195 287 -9.64234372216699e-07
195 286 -9.64234372420491e-07
195 285 -9.64234372623135e-07
195 82 -9.64234372420493e-07
195 83 -9.64234372216699e-07
195 81 -9.64234372623136e-07
196 196 7.71387497610774e-06
196 197 -9.64234371810610e-07
196 195 -9.64234372216700e-07
196 288 -9.64234371810610e-07
196 287 -9.64234372012904e-07
196 286 -9.64234372216700e-07
196 83 -9.64234372012904e-07
196 84 -9.64234371810610e-07
196 82 -9.64234372216700e-07
197 197 7.71387497288721e-06
197 198 -9.64234371412915e-07
197 196 -9.64234371810610e-07
197 289 -9.64234371412917e-07
197 288 -9.64234371608317e-07
197 287 -9.64234371810611e-07
197 84 -9.64234371608318e-07
197 85 -9.64234371412917e-07
197 83 -9.64234371810610e-07
198 198 7.71387496977443e-06
198 199 -9.64234371033543e-07
198 197 -9.64234371412915e-07
198 290 -9.64234371033548e-07
198 289 -9.64234371217520e-07
198 288 -9.64234371412917e-07
198 85 -9.64234371217521e-07
198 86 -9.64234371033548e-07
198 84 -9.64234371412917e-07
199 199 7.71387496685394e-06
199 200 -9.64234370684713e-07
199 198 -9.64234371033543e-07
199 291 -9.64234370684712e-07
199 290 -9.64234370849581e-07
199 289 -9.64234371033548e-07
199 86 -9.64234370849581e-07
199 87 -9.64234370684712e-07
199 85 -9.64234371033549e-07
200 200 7.71387496423521e-06
200 201 -9.64234370380458e-07
200 199 -9.64234370684713e-07
200 292 -9.64234370380461e-07
200 291 -9.64234370519845e-07
200 290 -9.64234370684712e-07
200 87 -9.64234370519846e-07
200 88 -9.64234370380460e-07
200 86 -9.64234370684712e-07
201 201 7.71387496202650e-06
201 202 -9.64234370134323e-07
201 200 -9.64234370380458e-07
201 293 -9.64234370134322e-07
201 292 -9.64234370241077e-07
201 291 -9.64234370380461e-07
201 88 -9.64234370241077e-07
201 89 -9.64234370134321e-07
201 87 -9.64234370380461e-07
202 202 7.71387496031906e-06
202 203 -9.64234369953655e-07
202 201 -9.64234370134323e-07
202 294 -9.64234369953655e-07
202 293 -9.64234370027565e-07
202 292 -9.64234370134322e-07
202 89 -9.64234370027566e-07
202 90 -9.64234369953654e-07
202 88 -9.64234370134322e-07
203 203 7.71387495911059e-06
203 204 -9.64234369830048e-07
203 202 -9.64234369953655e-07
203 295 -9.64234369830048e-07
203 294 -9.64234369879742e-07
203 293 -9.64234369953655e-07
203 90 -9.64234369879742e-07
203 91 -9.64234369830048e-07
203 89 -9.64234369953655e-07
204 204 7.71387495823758e-06
204 205 -9.64234369728909e-07
204 203 -9.64234369830048e-07
204 296 -9.64234369728909e-07
204 295 -9.64234369780353e-07
204 294 -9.64234369830048e-07
204 91 -9.64234369780353e-07
204 92 -9.64234369728909e-07
204 90 -9.64234369830048e-07
205 205 7.71387495732222e-06
205 204 -9.64234369728909e-07
205 206 -9.64234369593521e-07
205 296 -9.64234369677464e-07
205 295 -9.64234369728909e-07
205 297 -9.64234369593522e-07
205 92 -9.64234369677465e-07
205 93 -9.64234369593522e-07
205 91 -9.64234369728909e-07
206 206 7.71387495602946e-06
206 207 -9.64234369409911e-07
206 205 -9.64234369593521e-07
206 298 -9.64234369409911e-07
206 297 -9.64234369509579e-07
206 296 -9.64234369593522e-07
206 93 -9.64234369509580e-07
206 94 -9.64234369409912e-07
206 92 -9.64234369593522e-07
207 207 7.71387495520214e-06
207 208 -9.64234369450648e-07
207 206 -9.64234369409911e-07
207 299 -9.64234369450640e-07
207 298 -9.64234369310239e-07
207 297 -9.64234369409912e-07
207 94 -9.64234369310240e-07
207 95 -9.64234369450640e-07
207 93 -9.64234369409912e-07
208 208 7.71387496022785e-06
208 209 -9.64234370897945e-07
208 207 -9.64234369450648e-07
208 300 -9.64234370897953e-07
208 299 -9.64234369591036e-07
208 298 -9.64234369450640e-07
208 95 -9.64234369591036e-07
208 96 -9.64234370897953e-07
208 94 -9.64234369450640e-07
209 209 7.71387496383751e-06
209 210 -9.64234368911311e-07
209 208 -9.64234370897945e-07
209 301 -9.64234368911304e-07
209 300 -9.64234372204871e-07
209 299 -9.64234370897954e-07
209 96 -9.64234372204872e-07
209 97 -9.64234368911303e-07
209 95 -9.64234370897953e-07
210 210 7.71387490517591e-06
210 211 -9.64234355735508e-07
210 209 -9.64234368911311e-07
210 302 -9.64234355735509e-07
210 301 -9.64234365617733e-07
210 300 -9.64234368911304e-07
210 97 -9.64234365617734e-07
210 98 -9.64234355735509e-07
210 96 -9.64234368911304e-07
211 211 7.71387480870468e-06
211 212 -9.64234349930535e-07
211 210 -9.64234355735508e-07
211 303 -9.64234349930528e-07
211 302 -9.64234345853279e-07
211 301 -9.64234355735510e-07
211 98 -9.64234345853280e-07
211 99 -9.64234349930528e-07
211 97 -9.64234355735510e-07
212 212 7.71387482793556e-06
212 213 -9.64234356709467e-07
212 211 -9.64234349930535e-07
212 304 -9.64234356709477e-07
212 303 -9.64234354007775e-07
212 302 -9.64234349930528e-07
212 99 -9.64234354007776e-07
212 100 -9.64234356709477e-07
212 98 -9.64234349930528e-07
213 213 7.71387488777897e-06
213 214 -9.64234366276065e-07
213 212 -9.64234356709467e-07
213 305 -9.64234366276060e-07
213 304 -9.64234359411181e-07
213 303 -9.64234356709477e-07
213 100 -9.64234359411182e-07
213 101 -9.64234366276061e-07
213 99 -9.64234356709477e-07
214 214 7.71387498478748e-06
214 215 -9.64234379892459e-07
214 213 -9.64234366276065e-07
214 306 -9.64234379892470e-07
214 305 -9.64234373140945e-07
214 304 -9.64234366276061e-07
214 101 -9.64234373140946e-07
214 102 -9.64234379892470e-07
214 100 -9.64234366276061e-07
215 215 7.71387509626285e-06
215 216 -9.64234394432478e-07
215 214 -9.64234379892459e-07
215 307 -9.64234394432481e-07
215 306 -9.64234386644004e-07
215 305 -9.64234379892470e-07
215 102 -9.64234386644005e-07
215 103 -9.64234394432481e-07
215 101 -9.64234379892470e-07
216 216 7.71387521970928e-06
216 217 -9.64234410656657e-07
216 215 -9.64234394432478e-07
216 308 -9.64234410656637e-07
216 307 -9.64234402220956e-07
216 306 -9.64234394432482e-07
216 103 -9.64234402220957e-07
216 104 -9.64234410656637e-07
216 102 -9.64234394432482e-07
217 217 7.71387535266508e-06
217 218 -9.64234427503497e-07
217 216 -9.64234410656657e-07
217 309 -9.64234427503519e-07
217 308 -9.64234419092309e-07
217 307 -9.64234410656638e-07
217 104 -9.64234419092310e-07
217 105 -9.64234427503518e-07
217 103 -9.64234410656637e-07
218 218 7.71387548594325e-06
218 219 -9.64234443867753e-07
218 217 -9.64234427503497e-07
218 310 -9.64234443867749e-07
218 309 -9.64234435914735e-07
218 308 -9.64234427503519e-07
218 105 -9.64234435914736e-07
218 106 -9.64234443867749e-07
218 104 -9.64234427503518e-07
219 219 7.71387561468709e-06
219 220 -9.64234459814096e-07
219 218 -9.64234443867753e-07
219 311 -9.64234459814102e-07
219 310 -9.64234451820771e-07
219 309 -9.64234443867750e-07
219 106 -9.64234451820771e-07
219 107 -9.64234459814101e-07
219 105 -9.64234443867749e-07
220 220 7.71387574133848e-06
220 221 -9.64234475427114e-07
220 219 -9.64234459814096e-07
220 312 -9.64234475427104e-07
220 311 -9.64234467807430e-07
220 310 -9.64234459814102e-07
220 107 -9.64234467807430e-07
220 108 -9.64234475427104e-07
220 106 -9.64234459814102e-07
221 221 7.71387586218573e-06
221 222 -9.64234489936942e-07
221 220 -9.64234475427114e-07
221 313 -9.64234489936956e-07
221 312 -9.64234483046777e-07
221 311 -9.64234475427105e-07
221 108 -9.64234483046777e-07
221 109 -9.64234489936955e-07
221 107 -9.64234475427104e-07
222 222 7.71387597363201e-06
222 223 -9.64234503388974e-07
222 221 -9.64234489936942e-07
222 314 -9.64234503388957e-07
222 313 -9.64234496827133e-07
222 312 -9.64234489936956e-07
222 109 -9.64234496827133e-07
222 110 -9.64234503388956e-07
222 108 -9.64234489936956e-07
223 223 7.71387607854261e-06
223 224 -9.64234516158054e-07
223 222 -9.64234503388974e-07
223 315 -9.64234516158061e-07
223 314 -9.64234509950772e-07
223 313 -9.64234503388957e-07
223 110 -9.64234509950772e-07
223 111 -9.64234516158061e-07
223 109 -9.64234503388957e-07
224 224 7.71387617689750e-06
224 225 -9.64234527897552e-07
224 223 -9.64234516158054e-07
224 316 -9.64234527897543e-07
224 315 -9.64234522365343e-07
224 314 -9.64234516158062e-07
224 111 -9.64234522365344e-07
224 112 -9.64234527897542e-07
224 110 -9.64234516158061e-07
225 225 7.71387626607761e-06
225 226 -9.64234538508495e-07
225 224 -9.64234527897552e-07
225 317 -9.64234538508503e-07
225 316 -9.64234533429739e-07
225 315 -9.64234527897543e-07
225 112 -9.64234533429739e-07
225 113 -9.64234538508502e-07
225 111 -9.64234527897543e-07
226 226 7.71387634770849e-06
226 227 -9.64234548336159e-07
226 225 -9.64234538508495e-07
226 318 -9.64234548336151e-07
226 317 -9.64234543587264e-07
226 316 -9.64234538508503e-07
226 113 -9.64234543587265e-07
226 114 -9.64234548336150e-07
226 112 -9.64234538508503e-07
227 227 7.71387642311204e-06
227 226 -9.64234548336159e-07
227 228 -9.64234557311165e-07
227 115 -9.64234557311172e-07
227 114 -9.64234553085035e-07
227 319 -9.64234557311172e-07
227 318 -9.64234553085034e-07
227 317 -9.64234548336151e-07
227 113 -9.64234548336151e-07
