0 137 0 137
0 0 1.92846875133477e-06
0 70 -9.64234375664508e-07
0 69 -4.82117187838009e-07
0 1 -4.82117187832254e-07
1 1 3.85693750257784e-06
1 71 -9.64234375618723e-07
1 2 -4.82117187809362e-07
1 70 -9.64234375652996e-07
1 69 -9.64234375664508e-07
1 0 -4.82117187832254e-07
2 2 3.85693750230424e-06
2 72 -9.64234375527805e-07
2 3 -4.82117187763902e-07
2 71 -9.64234375584450e-07
2 70 -9.64234375618723e-07
2 1 -4.82117187809362e-07
3 3 3.85693750185184e-06
3 73 -9.64234375392644e-07
3 4 -4.82117187696322e-07
3 72 -9.64234375471162e-07
3 71 -9.64234375527805e-07
3 2 -4.82117187763902e-07
4 4 3.85693750122542e-06
4 74 -9.64234375214886e-07
4 5 -4.82117187607442e-07
4 73 -9.64234375314127e-07
4 72 -9.64234375392644e-07
4 3 -4.82117187696322e-07
5 5 3.85693750043375e-06
5 75 -9.64234374997184e-07
5 6 -4.82117187498592e-07
5 74 -9.64234375115646e-07
5 73 -9.64234375214886e-07
5 4 -4.82117187607442e-07
6 6 3.85693749948664e-06
6 76 -9.64234374741424e-07
6 7 -4.82117187370713e-07
6 75 -9.64234374878723e-07
6 74 -9.64234374997184e-07
6 5 -4.82117187498592e-07
7 7 3.85693749839261e-06
7 77 -9.64234374450901e-07
7 8 -4.82117187225450e-07
7 76 -9.64234374604124e-07
7 75 -9.64234374741424e-07
7 6 -4.82117187370713e-07
8 8 3.85693749716836e-06
8 78 -9.64234374129552e-07
8 9 -4.82117187064775e-07
8 77 -9.64234374297678e-07
8 76 -9.64234374450901e-07
8 7 -4.82117187225450e-07
9 9 3.85693749582796e-06
9 79 -9.64234373781471e-07
9 10 -4.82117186890734e-07
9 78 -9.64234373961429e-07
9 77 -9.64234374129552e-07
9 8 -4.82117187064775e-07
10 10 3.85693749439033e-06
10 80 -9.64234373411074e-07
10 11 -4.82117186705537e-07
10 79 -9.64234373601516e-07
10 78 -9.64234373781471e-07
10 9 -4.82117186890734e-07
11 11 3.85693749287205e-06
11 81 -9.64234373023205e-07
11 12 -4.82117186511602e-07
11 80 -9.64234373220634e-07
11 79 -9.64234373411074e-07
11 10 -4.82117186705537e-07
12 12 3.85693749129529e-06
12 82 -9.64234372623135e-07
12 13 -4.82117186311570e-07
12 81 -9.64234372825774e-07
12 80 -9.64234373023205e-07
12 11 -4.82117186511602e-07
13 13 3.85693748968025e-06
13 83 -9.64234372216699e-07
13 14 -4.82117186108349e-07
13 82 -9.64234372420493e-07
13 81 -9.64234372623135e-07
13 12 -4.82117186311570e-07
14 14 3.85693748805387e-06
14 84 -9.64234371810610e-07
14 15 -4.82117185905305e-07
14 83 -9.64234372012903e-07
14 82 -9.64234372216699e-07
14 13 -4.82117186108349e-07
15 15 3.85693748644361e-06
15 85 -9.64234371412917e-07
15 16 -4.82117185706458e-07
15 84 -9.64234371608318e-07
15 83 -9.64234371810610e-07
15 14 -4.82117185905305e-07
16 16 3.85693748488721e-06
16 86 -9.64234371033548e-07
16 17 -4.82117185516771e-07
16 85 -9.64234371217521e-07
16 84 -9.64234371412917e-07
16 15 -4.82117185706458e-07
17 17 3.85693748342697e-06
17 87 -9.64234370684712e-07
17 18 -4.82117185342356e-07
17 86 -9.64234370849581e-07
17 85 -9.64234371033548e-07
17 16 -4.82117185516771e-07
18 18 3.85693748211760e-06
18 88 -9.64234370380461e-07
18 19 -4.82117185190228e-07
18 87 -9.64234370519847e-07
18 86 -9.64234370684712e-07
18 17 -4.82117185342356e-07
19 19 3.85693748101325e-06
19 89 -9.64234370134321e-07
19 20 -4.82117185067161e-07
19 88 -9.64234370241077e-07
19 87 -9.64234370380461e-07
19 18 -4.82117185190228e-07
20 20 3.85693748015953e-06
20 90 -9.64234369953654e-07
20 21 -4.82117184976827e-07
20 89 -9.64234370027565e-07
20 88 -9.64234370134321e-07
20 19 -4.82117185067161e-07
21 21 3.85693747955529e-06
21 91 -9.64234369830048e-07
21 22 -4.82117184915024e-07
21 90 -9.64234369879742e-07
21 89 -9.64234369953654e-07
21 20 -4.82117184976827e-07
22 22 3.85693747911879e-06
22 92 -9.64234369728909e-07
22 23 -4.82117184864454e-07
22 91 -9.64234369780354e-07
22 90 -9.64234369830048e-07
22 21 -4.82117184915024e-07
23 23 3.85693747866111e-06
23 93 -9.64234369593522e-07
23 24 -4.82117184796761e-07
23 92 -9.64234369677465e-07
23 91 -9.64234369728909e-07
23 22 -4.82117184864454e-07
24 24 3.85693747801473e-06
24 94 -9.64234369409912e-07
24 25 -4.82117184704956e-07
24 93 -9.64234369509580e-07
24 92 -9.64234369593522e-07
24 23 -4.82117184796761e-07
25 25 3.85693747760107e-06
25 95 -9.64234369450640e-07
25 26 -4.82117184725324e-07
25 94 -9.64234369310240e-07
25 93 -9.64234369409912e-07
25 24 -4.82117184704956e-07
26 26 3.85693748011392e-06
26 96 -9.64234370897953e-07
26 27 -4.82117185448972e-07
26 95 -9.64234369591036e-07
26 94 -9.64234369450640e-07
26 25 -4.82117184725324e-07
27 27 3.85693748191875e-06
27 97 -9.64234368911303e-07
27 28 -4.82117184455656e-07
27 96 -9.64234372204871e-07
27 95 -9.64234370897953e-07
27 26 -4.82117185448972e-07
28 28 3.85693745258796e-06
28 98 -9.64234355735510e-07
28 29 -4.82117177867755e-07
28 97 -9.64234365617734e-07
28 96 -9.64234368911303e-07
28 27 -4.82117184455656e-07
29 29 3.85693740435234e-06
29 99 -9.64234349930528e-07
29 30 -4.82117174965268e-07
29 98 -9.64234345853281e-07
29 97 -9.64234355735510e-07
29 28 -4.82117177867755e-07
30 30 3.85693741396778e-06
30 100 -9.64234356709477e-07
30 31 -4.82117178354734e-07
30 99 -9.64234354007776e-07
30 98 -9.64234349930528e-07
30 29 -4.82117174965268e-07
31 31 3.85693744388949e-06
31 101 -9.64234366276062e-07
31 32 -4.82117183138034e-07
31 100 -9.64234359411183e-07
31 99 -9.64234356709477e-07
31 30 -4.82117178354734e-07
32 32 3.85693749239374e-06
32 102 -9.64234379892470e-07
32 33 -4.82117189946230e-07
32 101 -9.64234373140947e-07
32 100 -9.64234366276062e-07
32 31 -4.82117183138034e-07
33 33 3.85693754813143e-06
33 103 -9.64234394432481e-07
33 34 -4.82117197216238e-07
33 102 -9.64234386644005e-07
33 101 -9.64234379892470e-07
33 32 -4.82117189946230e-07
34 34 3.85693760985464e-06
34 104 -9.64234410656637e-07
34 35 -4.82117205328329e-07
34 103 -9.64234402220957e-07
34 102 -9.64234394432481e-07
34 33 -4.82117197216238e-07
35 35 3.85693767633254e-06
35 105 -9.64234427503518e-07
35 36 -4.82117213751748e-07
35 104 -9.64234419092310e-07
35 103 -9.64234410656637e-07
35 34 -4.82117205328329e-07
36 36 3.85693774297163e-06
36 106 -9.64234443867750e-07
36 37 -4.82117221933874e-07
36 105 -9.64234435914736e-07
36 104 -9.64234427503518e-07
36 35 -4.82117213751748e-07
37 37 3.85693780734355e-06
37 107 -9.64234459814102e-07
37 38 -4.82117229907048e-07
37 106 -9.64234451820773e-07
37 105 -9.64234443867750e-07
37 36 -4.82117221933874e-07
38 38 3.85693787066924e-06
38 108 -9.64234475427104e-07
38 39 -4.82117237713557e-07
38 107 -9.64234467807431e-07
38 106 -9.64234459814102e-07
38 37 -4.82117229907048e-07
39 39 3.85693793109286e-06
39 109 -9.64234489936956e-07
39 40 -4.82117244968468e-07
39 108 -9.64234483046778e-07
39 107 -9.64234475427104e-07
39 38 -4.82117237713557e-07
40 40 3.85693798681600e-06
40 110 -9.64234503388956e-07
40 41 -4.82117251694489e-07
40 109 -9.64234496827133e-07
40 108 -9.64234489936956e-07
40 39 -4.82117244968468e-07
41 41 3.85693803927131e-06
41 111 -9.64234516158061e-07
41 42 -4.82117258079027e-07
41 110 -9.64234509950772e-07
41 109 -9.64234503388956e-07
41 40 -4.82117251694489e-07
42 42 3.85693808844875e-06
42 112 -9.64234527897543e-07
42 43 -4.82117263948775e-07
42 111 -9.64234522365344e-07
42 110 -9.64234516158061e-07
42 41 -4.82117258079027e-07
43 43 3.85693813303881e-06
43 113 -9.64234538508503e-07
43 44 -4.82117269254247e-07
43 112 -9.64234533429739e-07
43 111 -9.64234527897543e-07
43 42 -4.82117263948775e-07
44 44 3.85693817385425e-06
44 114 -9.64234548336151e-07
44 45 -4.82117274168079e-07
44 113 -9.64234543587265e-07
44 112 -9.64234538508503e-07
44 43 -4.82117269254247e-07
45 45 3.85693821155602e-06
45 115 -9.64234557311173e-07
45 46 -4.82117278655583e-07
45 114 -9.64234553085036e-07
45 113 -9.64234548336151e-07
45 44 -4.82117274168079e-07
46 46 3.85693824548601e-06
46 116 -9.64234565321294e-07
46 47 -4.82117282660651e-07
46 115 -9.64234561537310e-07
46 114 -9.64234557311173e-07
46 45 -4.82117278655583e-07
47 47 3.85693827593024e-06
47 117 -9.64234572562012e-07
47 48 -4.82117286281002e-07
47 116 -9.64234569105279e-07
47 115 -9.64234565321294e-07
47 46 -4.82117282660651e-07
48 48 3.85693830348327e-06
48 118 -9.64234579081005e-07
48 49 -4.82117289540507e-07
48 117 -9.64234576018747e-07
48 116 -9.64234572562012e-07
48 47 -4.82117286281002e-07
49 49 3.85693832803822e-06
49 119 -9.64234584848964e-07
49 50 -4.82117292424478e-07
49 118 -9.64234582143265e-07
49 117 -9.64234579081005e-07
49 48 -4.82117289540507e-07
50 50 3.85693834974922e-06
50 120 -9.64234589947407e-07
50 51 -4.82117294973699e-07
50 119 -9.64234587554674e-07
50 118 -9.64234584848964e-07
50 49 -4.82117292424478e-07
51 51 3.85693836886528e-06
51 121 -9.64234594402677e-07
51 52 -4.82117297201351e-07
51 120 -9.64234592340144e-07
51 119 -9.64234589947407e-07
51 50 -4.82117294973699e-07
52 52 3.85693838547457e-06
52 122 -9.64234598270235e-07
52 53 -4.82117299135113e-07
52 121 -9.64234596465198e-07
52 120 -9.64234594402677e-07
52 51 -4.82117297201351e-07
53 53 3.85693839989438e-06
53 123 -9.64234601609176e-07
53 54 -4.82117300804584e-07
53 122 -9.64234600075275e-07
53 121 -9.64234598270235e-07
53 52 -4.82117299135113e-07
54 54 3.85693841210287e-06
54 124 -9.64234604364011e-07
54 55 -4.82117302182009e-07
54 123 -9.64234603143092e-07
54 122 -9.64234601609176e-07
54 53 -4.82117300804584e-07
55 55 3.85693842165461e-06
55 125 -9.64234606349108e-07
55 56 -4.82117303174566e-07
55 124 -9.64234605584920e-07
55 123 -9.64234604364011e-07
55 54 -4.82117302182009e-07
56 56 3.85693834754335e-06
56 126 -9.64234553937602e-07
56 57 -4.82117276968797e-07
56 125 -9.64234607113278e-07
56 124 -9.64234606349108e-07
56 55 -4.82117303174566e-07
57 57 3.85692130876594e-06
57 127 -9.64223318065076e-07
57 58 -4.82111659032541e-07
57 126 -9.64234500761925e-07
57 125 -9.64234553937602e-07
57 56 -4.82117276968797e-07
58 58 3.85340749040879e-06
58 128 -9.61906918628629e-07
58 59 -4.80953459314318e-07
58 127 -9.64212135368227e-07
58 126 -9.64223318065076e-07
58 57 -4.82111659032541e-07
59 59 3.48375133552566e-06
59 129 -7.20859503795793e-07
59 60 -3.60429751897905e-07
59 128 -9.59601701889016e-07
59 127 -9.61906918628629e-07
59 58 -4.80953459314318e-07
60 60 1.92846922244852e-06
60 130 -2.43375107368180e-07
60 61 -1.21687553684091e-07
60 129 -4.82117305702552e-07
60 128 -7.20859503795793e-07
60 59 -3.60429751897905e-07
61 61 3.73187108049945e-07
61 131 -2.32769197591590e-09
61 62 -1.16384598795794e-09
61 130 -4.63290903380021e-09
61 129 -2.43375107368180e-07
61 60 -1.21687553684091e-07
62 62 3.53159224647474e-09
62 132 -1.17195763797589e-11
62 63 -5.85978818987937e-12
62 131 -2.24749180312657e-11
62 130 -2.32769197591590e-09
62 61 -1.16384598795794e-09
63 63 1.99899521237528e-11
63 133 -9.64235217235119e-13
63 64 -4.82117608617573e-13
63 132 -9.64234728261822e-13
63 131 -1.17195763797589e-11
63 62 -5.85978818987937e-12
64 64 3.85694313268365e-12
64 134 -9.64236400414999e-13
64 65 -4.82118200207494e-13
64 133 -9.64235706208460e-13
64 132 -9.64235217235119e-13
64 63 -4.82117608617573e-13
65 65 3.85694816741077e-12
65 135 -9.64237648111155e-13
65 66 -4.82118824055572e-13
65 134 -9.64237094621546e-13
65 133 -9.64236400414999e-13
65 64 -4.82118200207494e-13
66 66 3.85695259010836e-12
66 136 -9.64238610893894e-13
66 67 -4.82119305446957e-13
66 135 -9.64238201600779e-13
66 134 -9.64237648111155e-13
66 65 -4.82118824055572e-13
67 67 3.85695656170049e-12
67 137 -9.64239750115094e-13
67 68 -4.82119875057545e-13
67 136 -9.64239020187001e-13
67 135 -9.64238610893894e-13
67 66 -4.82119305446957e-13
68 68 3.85696178057457e-12
68 137 -9.64240480043171e-13
68 136 -9.64239750115094e-13
68 67 -4.82119875057545e-13
68 160 -9.64241116905835e-13
68 138 -4.82120558452928e-13
69 69 3.85693750266954e-06
69 70 -9.64234375664507e-07
69 1 -9.64234375664508e-07
69 0 -4.82117187838009e-07
69 183 -9.64234375664507e-07
69 182 -4.82117187838009e-07
70 70 7.71387500515568e-06
70 71 -9.64234375618722e-07
70 69 -9.64234375664507e-07
70 1 -9.64234375652996e-07
70 2 -9.64234375618723e-07
70 0 -9.64234375664508e-07
70 184 -9.64234375618723e-07
70 183 -9.64234375652996e-07
70 182 -9.64234375664507e-07
71 71 7.71387500460848e-06
71 72 -9.64234375527805e-07
71 70 -9.64234375618722e-07
71 2 -9.64234375584450e-07
71 3 -9.64234375527805e-07
71 1 -9.64234375618723e-07
71 185 -9.64234375527805e-07
71 184 -9.64234375584449e-07
71 183 -9.64234375618722e-07
72 72 7.71387500370367e-06
72 73 -9.64234375392645e-07
72 71 -9.64234375527805e-07
72 3 -9.64234375471162e-07
72 4 -9.64234375392644e-07
72 2 -9.64234375527805e-07
72 186 -9.64234375392645e-07
72 185 -9.64234375471162e-07
72 184 -9.64234375527805e-07
73 73 7.71387500245084e-06
73 74 -9.64234375214885e-07
73 72 -9.64234375392645e-07
73 4 -9.64234375314127e-07
73 5 -9.64234375214886e-07
73 3 -9.64234375392644e-07
73 187 -9.64234375214886e-07
73 186 -9.64234375314127e-07
73 185 -9.64234375392644e-07
74 74 7.71387500086750e-06
74 75 -9.64234374997184e-07
74 73 -9.64234375214885e-07
74 5 -9.64234375115646e-07
74 6 -9.64234374997184e-07
74 4 -9.64234375214886e-07
74 188 -9.64234374997184e-07
74 187 -9.64234375115645e-07
74 186 -9.64234375214885e-07
75 75 7.71387499897327e-06
75 76 -9.64234374741426e-07
75 74 -9.64234374997184e-07
75 6 -9.64234374878723e-07
75 7 -9.64234374741424e-07
75 5 -9.64234374997184e-07
75 189 -9.64234374741425e-07
75 188 -9.64234374878723e-07
75 187 -9.64234374997184e-07
76 76 7.71387499678522e-06
76 77 -9.64234374450900e-07
76 75 -9.64234374741426e-07
76 7 -9.64234374604124e-07
76 8 -9.64234374450901e-07
76 6 -9.64234374741424e-07
76 190 -9.64234374450901e-07
76 189 -9.64234374604124e-07
76 188 -9.64234374741424e-07
77 77 7.71387499433671e-06
77 78 -9.64234374129549e-07
77 76 -9.64234374450900e-07
77 8 -9.64234374297678e-07
77 9 -9.64234374129552e-07
77 7 -9.64234374450901e-07
77 191 -9.64234374129552e-07
77 190 -9.64234374297678e-07
77 189 -9.64234374450901e-07
78 78 7.71387499165592e-06
78 79 -9.64234373781469e-07
78 77 -9.64234374129549e-07
78 9 -9.64234373961429e-07
78 10 -9.64234373781471e-07
78 8 -9.64234374129552e-07
78 192 -9.64234373781471e-07
78 191 -9.64234373961428e-07
78 190 -9.64234374129551e-07
79 79 7.71387498878066e-06
79 80 -9.64234373411074e-07
79 78 -9.64234373781469e-07
79 10 -9.64234373601516e-07
79 11 -9.64234373411074e-07
79 9 -9.64234373781471e-07
79 193 -9.64234373411074e-07
79 192 -9.64234373601515e-07
79 191 -9.64234373781470e-07
80 80 7.71387498574410e-06
80 81 -9.64234373023204e-07
80 79 -9.64234373411074e-07
80 11 -9.64234373220634e-07
80 12 -9.64234373023205e-07
80 10 -9.64234373411074e-07
80 194 -9.64234373023205e-07
80 193 -9.64234373220634e-07
80 192 -9.64234373411074e-07
81 81 7.71387498259057e-06
81 82 -9.64234372623140e-07
81 80 -9.64234373023204e-07
81 12 -9.64234372825774e-07
81 13 -9.64234372623135e-07
81 11 -9.64234373023205e-07
81 195 -9.64234372623136e-07
81 194 -9.64234372825773e-07
81 193 -9.64234373023205e-07
82 82 7.71387497936049e-06
82 83 -9.64234372216699e-07
82 81 -9.64234372623140e-07
82 13 -9.64234372420493e-07
82 14 -9.64234372216699e-07
82 12 -9.64234372623135e-07
82 196 -9.64234372216700e-07
82 195 -9.64234372420493e-07
82 194 -9.64234372623135e-07
83 83 7.71387497610773e-06
83 84 -9.64234371810609e-07
83 82 -9.64234372216699e-07
83 14 -9.64234372012903e-07
83 15 -9.64234371810610e-07
83 13 -9.64234372216699e-07
83 197 -9.64234371810610e-07
83 196 -9.64234372012904e-07
83 195 -9.64234372216699e-07
84 84 7.71387497288722e-06
84 85 -9.64234371412916e-07
84 83 -9.64234371810609e-07
84 15 -9.64234371608318e-07
84 16 -9.64234371412917e-07
84 14 -9.64234371810610e-07
84 198 -9.64234371412917e-07
84 197 -9.64234371608318e-07
84 196 -9.64234371810610e-07
85 85 7.71387496977443e-06
85 86 -9.64234371033543e-07
85 84 -9.64234371412916e-07
85 16 -9.64234371217521e-07
85 17 -9.64234371033548e-07
85 15 -9.64234371412917e-07
85 199 -9.64234371033549e-07
85 198 -9.64234371217521e-07
85 197 -9.64234371412917e-07
86 86 7.71387496685394e-06
86 87 -9.64234370684713e-07
86 85 -9.64234371033543e-07
86 17 -9.64234370849581e-07
86 18 -9.64234370684712e-07
86 16 -9.64234371033548e-07
86 200 -9.64234370684712e-07
86 199 -9.64234370849581e-07
86 198 -9.64234371033548e-07
87 87 7.71387496423521e-06
87 88 -9.64234370380458e-07
87 86 -9.64234370684713e-07
87 18 -9.64234370519847e-07
87 19 -9.64234370380461e-07
87 17 -9.64234370684712e-07
87 201 -9.64234370380461e-07
87 200 -9.64234370519846e-07
87 199 -9.64234370684712e-07
88 88 7.71387496202650e-06
88 89 -9.64234370134322e-07
88 87 -9.64234370380458e-07
88 19 -9.64234370241077e-07
88 20 -9.64234370134321e-07
88 18 -9.64234370380461e-07
88 202 -9.64234370134322e-07
88 201 -9.64234370241077e-07
88 200 -9.64234370380460e-07
89 89 7.71387496031906e-06
89 90 -9.64234369953654e-07
89 88 -9.64234370134322e-07
89 20 -9.64234370027565e-07
89 21 -9.64234369953654e-07
89 19 -9.64234370134321e-07
89 203 -9.64234369953655e-07
89 202 -9.64234370027566e-07
89 201 -9.64234370134321e-07
90 90 7.71387495911059e-06
90 91 -9.64234369830048e-07
90 89 -9.64234369953654e-07
90 21 -9.64234369879742e-07
90 22 -9.64234369830048e-07
90 20 -9.64234369953654e-07
90 204 -9.64234369830048e-07
90 203 -9.64234369879742e-07
90 202 -9.64234369953654e-07
91 91 7.71387495823758e-06
91 92 -9.64234369728909e-07
91 90 -9.64234369830048e-07
91 22 -9.64234369780354e-07
91 23 -9.64234369728909e-07
91 21 -9.64234369830048e-07
91 205 -9.64234369728909e-07
91 204 -9.64234369780353e-07
91 203 -9.64234369830048e-07
92 92 7.71387495732222e-06
92 93 -9.64234369593521e-07
92 91 -9.64234369728909e-07
92 23 -9.64234369677465e-07
92 24 -9.64234369593522e-07
92 22 -9.64234369728909e-07
92 206 -9.64234369593522e-07
92 205 -9.64234369677465e-07
92 204 -9.64234369728909e-07
93 93 7.71387495602946e-06
93 94 -9.64234369409911e-07
93 92 -9.64234369593521e-07
93 24 -9.64234369509580e-07
93 25 -9.64234369409912e-07
93 23 -9.64234369593522e-07
93 207 -9.64234369409912e-07
93 206 -9.64234369509580e-07
93 205 -9.64234369593522e-07
94 94 7.71387495520214e-06
94 95 -9.64234369450648e-07
94 93 -9.64234369409911e-07
94 25 -9.64234369310240e-07
94 26 -9.64234369450640e-07
94 24 -9.64234369409912e-07
94 208 -9.64234369450640e-07
94 207 -9.64234369310240e-07
94 206 -9.64234369409912e-07
95 95 7.71387496022785e-06
95 96 -9.64234370897943e-07
95 94 -9.64234369450648e-07
95 26 -9.64234369591036e-07
95 27 -9.64234370897953e-07
95 25 -9.64234369450640e-07
95 209 -9.64234370897953e-07
95 208 -9.64234369591036e-07
95 207 -9.64234369450640e-07
96 96 7.71387496383751e-06
96 97 -9.64234368911310e-07
96 95 -9.64234370897943e-07
96 27 -9.64234372204871e-07
96 28 -9.64234368911303e-07
96 26 -9.64234370897953e-07
96 210 -9.64234368911304e-07
96 209 -9.64234372204872e-07
96 208 -9.64234370897953e-07
97 97 7.71387490517591e-06
97 98 -9.64234355735508e-07
97 96 -9.64234368911310e-07
97 28 -9.64234365617734e-07
97 29 -9.64234355735510e-07
97 27 -9.64234368911303e-07
97 211 -9.64234355735510e-07
97 210 -9.64234365617734e-07
97 209 -9.64234368911303e-07
98 98 7.71387480870468e-06
98 99 -9.64234349930534e-07
98 97 -9.64234355735508e-07
98 29 -9.64234345853281e-07
98 30 -9.64234349930528e-07
98 28 -9.64234355735510e-07
98 212 -9.64234349930528e-07
98 211 -9.64234345853280e-07
98 210 -9.64234355735509e-07
99 99 7.71387482793556e-06
99 100 -9.64234356709467e-07
99 98 -9.64234349930534e-07
99 30 -9.64234354007776e-07
99 31 -9.64234356709477e-07
99 29 -9.64234349930528e-07
99 213 -9.64234356709477e-07
99 212 -9.64234354007776e-07
99 211 -9.64234349930528e-07
100 100 7.71387488777897e-06
100 101 -9.64234366276065e-07
100 99 -9.64234356709467e-07
100 31 -9.64234359411183e-07
100 32 -9.64234366276062e-07
100 30 -9.64234356709477e-07
100 214 -9.64234366276061e-07
100 213 -9.64234359411182e-07
100 212 -9.64234356709477e-07
101 101 7.71387498478748e-06
101 102 -9.64234379892458e-07
101 100 -9.64234366276065e-07
101 32 -9.64234373140947e-07
101 33 -9.64234379892470e-07
101 31 -9.64234366276062e-07
101 215 -9.64234379892470e-07
101 214 -9.64234373140946e-07
101 213 -9.64234366276061e-07
102 102 7.71387509626285e-06
102 103 -9.64234394432478e-07
102 101 -9.64234379892458e-07
102 33 -9.64234386644005e-07
102 34 -9.64234394432481e-07
102 32 -9.64234379892470e-07
102 216 -9.64234394432482e-07
102 215 -9.64234386644005e-07
102 214 -9.64234379892470e-07
103 103 7.71387521970929e-06
103 104 -9.64234410656657e-07
103 102 -9.64234394432478e-07
103 34 -9.64234402220957e-07
103 35 -9.64234410656637e-07
103 33 -9.64234394432481e-07
103 217 -9.64234410656637e-07
103 216 -9.64234402220957e-07
103 215 -9.64234394432481e-07
104 104 7.71387535266508e-06
104 105 -9.64234427503497e-07
104 103 -9.64234410656657e-07
104 35 -9.64234419092310e-07
104 36 -9.64234427503518e-07
104 34 -9.64234410656637e-07
104 218 -9.64234427503518e-07
104 217 -9.64234419092310e-07
104 216 -9.64234410656637e-07
105 105 7.71387548594326e-06
105 106 -9.64234443867753e-07
105 104 -9.64234427503497e-07
105 36 -9.64234435914736e-07
105 37 -9.64234443867750e-07
105 35 -9.64234427503518e-07
105 219 -9.64234443867749e-07
105 218 -9.64234435914736e-07
105 217 -9.64234427503518e-07
106 106 7.71387561468709e-06
106 107 -9.64234459814096e-07
106 105 -9.64234443867753e-07
106 37 -9.64234451820773e-07
106 38 -9.64234459814102e-07
106 36 -9.64234443867750e-07
106 220 -9.64234459814102e-07
106 219 -9.64234451820771e-07
106 218 -9.64234443867749e-07
107 107 7.71387574133848e-06
107 108 -9.64234475427114e-07
107 106 -9.64234459814096e-07
107 38 -9.64234467807431e-07
107 39 -9.64234475427104e-07
107 37 -9.64234459814102e-07
107 221 -9.64234475427104e-07
107 220 -9.64234467807430e-07
107 219 -9.64234459814101e-07
108 108 7.71387586218573e-06
108 109 -9.64234489936942e-07
108 107 -9.64234475427114e-07
108 39 -9.64234483046778e-07
108 40 -9.64234489936956e-07
108 38 -9.64234475427104e-07
108 222 -9.64234489936956e-07
108 221 -9.64234483046777e-07
108 220 -9.64234475427104e-07
109 109 7.71387597363201e-06
109 110 -9.64234503388974e-07
109 108 -9.64234489936942e-07
109 40 -9.64234496827133e-07
109 41 -9.64234503388956e-07
109 39 -9.64234489936956e-07
109 223 -9.64234503388957e-07
109 222 -9.64234496827133e-07
109 221 -9.64234489936955e-07
110 110 7.71387607854261e-06
110 111 -9.64234516158054e-07
110 109 -9.64234503388974e-07
110 41 -9.64234509950772e-07
110 42 -9.64234516158061e-07
110 40 -9.64234503388956e-07
110 224 -9.64234516158061e-07
110 223 -9.64234509950772e-07
110 222 -9.64234503388956e-07
111 111 7.71387617689750e-06
111 112 -9.64234527897553e-07
111 110 -9.64234516158054e-07
111 42 -9.64234522365344e-07
111 43 -9.64234527897543e-07
111 41 -9.64234516158061e-07
111 225 -9.64234527897543e-07
111 224 -9.64234522365344e-07
111 223 -9.64234516158061e-07
112 112 7.71387626607762e-06
112 113 -9.64234538508495e-07
112 111 -9.64234527897553e-07
112 43 -9.64234533429739e-07
112 44 -9.64234538508503e-07
112 42 -9.64234527897543e-07
112 226 -9.64234538508503e-07
112 225 -9.64234533429739e-07
112 224 -9.64234527897542e-07
113 113 7.71387634770849e-06
113 114 -9.64234548336159e-07
113 112 -9.64234538508495e-07
113 44 -9.64234543587265e-07
113 45 -9.64234548336151e-07
113 43 -9.64234538508503e-07
113 227 -9.64234548336151e-07
113 226 -9.64234543587265e-07
113 225 -9.64234538508502e-07
114 114 7.71387642311204e-06
114 113 -9.64234548336159e-07
114 115 -9.64234557311166e-07
114 45 -9.64234553085036e-07
114 46 -9.64234557311173e-07
114 44 -9.64234548336151e-07
114 227 -9.64234553085035e-07
114 226 -9.64234548336150e-07
114 228 -9.64234557311173e-07
115 115 7.71387649097202e-06
115 116 -9.64234565321302e-07
115 114 -9.64234557311166e-07
115 46 -9.64234561537310e-07
115 47 -9.64234565321294e-07
115 45 -9.64234557311173e-07
115 229 -9.64234565321294e-07
115 228 -9.64234561537309e-07
115 227 -9.64234557311172e-07
116 116 7.71387655186047e-06
116 117 -9.64234572562002e-07
116 115 -9.64234565321302e-07
116 47 -9.64234569105279e-07
116 48 -9.64234572562012e-07
116 46 -9.64234565321294e-07
116 230 -9.64234572562012e-07
116 229 -9.64234569105279e-07
116 228 -9.64234565321294e-07
117 117 7.71387660696654e-06
117 118 -9.64234579081013e-07
117 116 -9.64234572562002e-07
117 48 -9.64234576018747e-07
117 49 -9.64234579081005e-07
117 47 -9.64234572562012e-07
117 231 -9.64234579081006e-07
117 230 -9.64234576018746e-07
117 229 -9.64234572562012e-07
118 118 7.71387665607644e-06
118 119 -9.64234584848955e-07
118 117 -9.64234579081013e-07
118 49 -9.64234582143265e-07
118 50 -9.64234584848964e-07
118 48 -9.64234579081005e-07
118 232 -9.64234584848965e-07
118 231 -9.64234582143266e-07
118 230 -9.64234579081006e-07
119 119 7.71387669949844e-06
119 120 -9.64234589947395e-07
119 118 -9.64234584848955e-07
119 50 -9.64234587554674e-07
119 51 -9.64234589947407e-07
119 49 -9.64234584848964e-07
119 233 -9.64234589947406e-07
119 232 -9.64234587554674e-07
119 231 -9.64234584848965e-07
120 120 7.71387673773055e-06
120 121 -9.64234594402700e-07
120 119 -9.64234589947395e-07
120 51 -9.64234592340144e-07
120 52 -9.64234594402677e-07
120 50 -9.64234589947407e-07
120 234 -9.64234594402677e-07
120 233 -9.64234592340143e-07
120 232 -9.64234589947406e-07
121 121 7.71387677094914e-06
121 122 -9.64234598270225e-07
121 120 -9.64234594402700e-07
121 52 -9.64234596465198e-07
121 53 -9.64234598270235e-07
121 51 -9.64234594402677e-07
121 235 -9.64234598270235e-07
121 234 -9.64234596465197e-07
121 233 -9.64234594402677e-07
122 122 7.71387679978876e-06
122 123 -9.64234601609164e-07
122 121 -9.64234598270225e-07
122 53 -9.64234600075275e-07
122 54 -9.64234601609176e-07
122 52 -9.64234598270235e-07
122 236 -9.64234601609176e-07
122 235 -9.64234600075275e-07
122 234 -9.64234598270234e-07
123 123 7.71387682420574e-06
123 124 -9.64234604364015e-07
123 122 -9.64234601609164e-07
123 54 -9.64234603143092e-07
123 55 -9.64234604364011e-07
123 53 -9.64234601609176e-07
123 237 -9.64234604364010e-07
123 236 -9.64234603143092e-07
123 235 -9.64234601609176e-07
124 124 7.71387684330922e-06
124 125 -9.64234606349130e-07
124 123 -9.64234604364015e-07
124 55 -9.64234605584920e-07
124 56 -9.64234606349108e-07
124 54 -9.64234604364011e-07
124 238 -9.64234606349109e-07
124 237 -9.64234605584920e-07
124 236 -9.64234604364010e-07
125 125 7.71387669508670e-06
125 126 -9.64234553937590e-07
125 124 -9.64234606349130e-07
125 56 -9.64234607113278e-07
125 57 -9.64234553937602e-07
125 55 -9.64234606349108e-07
125 239 -9.64234553937602e-07
125 238 -9.64234607113278e-07
125 237 -9.64234606349108e-07
126 126 7.71384261753188e-06
126 127 -9.64223318065081e-07
126 125 -9.64234553937590e-07
126 57 -9.64234500761925e-07
126 58 -9.64223318065076e-07
126 56 -9.64234553937602e-07
126 240 -9.64223318065076e-07
126 239 -9.64234500761925e-07
126 238 -9.64234553937602e-07
127 127 7.70681498081758e-06
127 128 -9.61906918628632e-07
127 126 -9.64223318065081e-07
127 58 -9.64212135368227e-07
127 59 -9.61906918628629e-07
127 57 -9.64223318065076e-07
127 241 -9.61906918628629e-07
127 240 -9.64212135368227e-07
127 239 -9.64223318065076e-07
128 128 6.96750267105131e-06
128 129 -7.20859503795807e-07
128 127 -9.61906918628632e-07
128 59 -9.59601701889016e-07
128 60 -7.20859503795793e-07
128 58 -9.61906918628629e-07
128 242 -7.20859503795793e-07
128 241 -9.59601701889016e-07
128 240 -9.61906918628628e-07
129 129 3.85693844489704e-06
129 130 -2.43375107368181e-07
129 128 -7.20859503795807e-07
129 60 -4.82117305702552e-07
129 61 -2.43375107368180e-07
129 59 -7.20859503795793e-07
129 243 -2.43375107368180e-07
129 242 -4.82117305702552e-07
129 241 -7.20859503795793e-07
130 130 7.46374216099889e-07
130 131 -2.32769197591587e-09
130 129 -2.43375107368181e-07
130 61 -4.63290903380021e-09
130 62 -2.32769197591590e-09
130 60 -2.43375107368180e-07
130 244 -2.32769197591590e-09
130 243 -4.63290903380017e-09
130 242 -2.43375107368180e-07
131 131 7.06318449294947e-09
131 132 -1.17195763797587e-11
131 130 -2.32769197591587e-09
131 62 -2.24749180312657e-11
131 63 -1.17195763797589e-11
131 61 -2.32769197591590e-09
131 245 -1.17195763797589e-11
131 244 -2.24749180312653e-11
131 243 -2.32769197591589e-09
132 132 3.99799042475055e-11
132 133 -9.64235217235150e-13
132 131 -1.17195763797587e-11
132 63 -9.64234728261822e-13
132 64 -9.64235217235119e-13
132 62 -1.17195763797589e-11
132 246 -9.64235217235119e-13
132 245 -9.64234728261820e-13
132 244 -1.17195763797589e-11
133 133 7.71388626536729e-12
133 134 -9.64236400414984e-13
133 132 -9.64235217235150e-13
133 64 -9.64235706208460e-13
133 65 -9.64236400414999e-13
133 63 -9.64235217235119e-13
133 247 -9.64236400415000e-13
133 246 -9.64235706208459e-13
133 245 -9.64235217235119e-13
134 134 7.71389633482153e-12
134 135 -9.64237648111140e-13
134 133 -9.64236400414984e-13
134 65 -9.64237094621546e-13
134 66 -9.64237648111155e-13
134 64 -9.64236400414999e-13
134 248 -9.64237648111155e-13
134 247 -9.64237094621546e-13
134 246 -9.64236400414999e-13
135 135 7.71390518021671e-12
135 136 -9.64238610893910e-13
135 134 -9.64237648111140e-13
135 66 -9.64238201600779e-13
135 67 -9.64238610893894e-13
135 65 -9.64237648111155e-13
135 249 -9.64238610893895e-13
135 248 -9.64238201600779e-13
135 247 -9.64237648111155e-13
136 136 7.71391312340098e-12
136 137 -9.64239750115094e-13
136 135 -9.64238610893910e-13
136 67 -9.64239020187001e-13
136 68 -9.64239750115094e-13
136 66 -9.64238610893894e-13
136 250 -9.64239750115094e-13
136 249 -9.64239020187001e-13
136 248 -9.64238610893894e-13
137 137 7.71392356114914e-12
137 68 -9.64240480043171e-13
137 136 -9.64239750115094e-13
137 67 -9.64239750115094e-13
137 160 -9.64241116905850e-13
137 138 -9.64241116905835e-13
137 251 -9.64241116905834e-13
137 250 -9.64240480043170e-13
137 249 -9.64239750115093e-13
