297 363 297 363
297 297 3.85693747801473e-06
297 298 -4.82117184704955e-07
297 206 -9.64234369509579e-07
297 207 -9.64234369409912e-07
297 296 -4.82117184796761e-07
297 205 -9.64234369593522e-07
298 298 3.85693747760107e-06
298 299 -4.82117184725324e-07
298 297 -4.82117184704955e-07
298 207 -9.64234369310239e-07
298 208 -9.64234369450640e-07
298 206 -9.64234369409911e-07
299 299 3.85693748011392e-06
299 300 -4.82117185448971e-07
299 298 -4.82117184725324e-07
299 208 -9.64234369591036e-07
299 209 -9.64234370897954e-07
299 207 -9.64234369450640e-07
300 300 3.85693748191875e-06
300 301 -4.82117184455655e-07
300 299 -4.82117185448971e-07
300 209 -9.64234372204871e-07
300 210 -9.64234368911304e-07
300 208 -9.64234370897953e-07
301 301 3.85693745258796e-06
301 302 -4.82117177867753e-07
301 300 -4.82117184455655e-07
301 210 -9.64234365617733e-07
301 211 -9.64234355735510e-07
301 209 -9.64234368911304e-07
302 302 3.85693740435234e-06
302 303 -4.82117174965267e-07
302 301 -4.82117177867753e-07
302 211 -9.64234345853279e-07
302 212 -9.64234349930528e-07
302 210 -9.64234355735509e-07
303 303 3.85693741396778e-06
303 304 -4.82117178354733e-07
303 302 -4.82117174965267e-07
303 212 -9.64234354007775e-07
303 213 -9.64234356709477e-07
303 211 -9.64234349930528e-07
304 304 3.85693744388948e-06
304 305 -4.82117183138031e-07
304 303 -4.82117178354733e-07
304 213 -9.64234359411181e-07
304 214 -9.64234366276061e-07
304 212 -9.64234356709477e-07
305 305 3.85693749239374e-06
305 306 -4.82117189946228e-07
305 304 -4.82117183138031e-07
305 214 -9.64234373140945e-07
305 215 -9.64234379892470e-07
305 213 -9.64234366276060e-07
306 306 3.85693754813142e-06
306 307 -4.82117197216240e-07
306 305 -4.82117189946228e-07
306 215 -9.64234386644004e-07
306 216 -9.64234394432482e-07
306 214 -9.64234379892470e-07
307 307 3.85693760985464e-06
307 308 -4.82117205328328e-07
307 306 -4.82117197216240e-07
307 216 -9.64234402220956e-07
307 217 -9.64234410656638e-07
307 215 -9.64234394432481e-07
308 308 3.85693767633254e-06
308 309 -4.82117213751750e-07
308 307 -4.82117205328328e-07
308 217 -9.64234419092309e-07
308 218 -9.64234427503519e-07
308 216 -9.64234410656637e-07
309 309 3.85693774297163e-06
309 310 -4.82117221933881e-07
309 308 -4.82117213751750e-07
309 218 -9.64234435914735e-07
309 219 -9.64234443867750e-07
309 217 -9.64234427503519e-07
310 310 3.85693780734355e-06
310 311 -4.82117229907049e-07
310 309 -4.82117221933881e-07
310 219 -9.64234451820771e-07
310 220 -9.64234459814102e-07
310 218 -9.64234443867749e-07
311 311 3.85693787066924e-06
311 312 -4.82117237713558e-07
311 310 -4.82117229907049e-07
311 220 -9.64234467807430e-07
311 221 -9.64234475427105e-07
311 219 -9.64234459814102e-07
312 312 3.85693793109287e-06
312 313 -4.82117244968474e-07
312 311 -4.82117237713558e-07
312 221 -9.64234483046777e-07
312 222 -9.64234489936956e-07
312 220 -9.64234475427104e-07
313 313 3.85693798681601e-06
313 314 -4.82117251694486e-07
313 312 -4.82117244968474e-07
313 222 -9.64234496827133e-07
313 223 -9.64234503388957e-07
313 221 -9.64234489936956e-07
314 314 3.85693803927130e-06
314 315 -4.82117258079027e-07
314 313 -4.82117251694486e-07
314 223 -9.64234509950772e-07
314 224 -9.64234516158062e-07
314 222 -9.64234503388957e-07
315 315 3.85693808844875e-06
315 316 -4.82117263948778e-07
315 314 -4.82117258079027e-07
315 224 -9.64234522365343e-07
315 225 -9.64234527897543e-07
315 223 -9.64234516158061e-07
316 316 3.85693813303881e-06
316 317 -4.82117269254248e-07
316 315 -4.82117263948778e-07
316 225 -9.64234533429739e-07
316 226 -9.64234538508503e-07
316 224 -9.64234527897543e-07
317 317 3.85693817385425e-06
317 318 -4.82117274168080e-07
317 316 -4.82117269254248e-07
317 226 -9.64234543587264e-07
317 227 -9.64234548336151e-07
317 225 -9.64234538508503e-07
318 318 3.85693821155602e-06
318 319 -4.82117278655583e-07
318 317 -4.82117274168080e-07
318 227 -9.64234553085034e-07
318 228 -9.64234557311173e-07
318 226 -9.64234548336151e-07
319 319 3.85693824548601e-06
319 320 -4.82117282660651e-07
319 318 -4.82117278655583e-07
319 228 -9.64234561537308e-07
319 229 -9.64234565321294e-07
319 227 -9.64234557311172e-07
320 320 3.85693827593023e-06
320 321 -4.82117286281001e-07
320 319 -4.82117282660651e-07
320 229 -9.64234569105277e-07
320 230 -9.64234572562012e-07
320 228 -9.64234565321293e-07
321 321 3.85693830348327e-06
321 322 -4.82117289540508e-07
321 320 -4.82117286281001e-07
321 230 -9.64234576018746e-07
321 231 -9.64234579081007e-07
321 229 -9.64234572562012e-07
322 322 3.85693832803822e-06
322 323 -4.82117292424477e-07
322 321 -4.82117289540508e-07
322 231 -9.64234582143267e-07
322 232 -9.64234584848965e-07
322 230 -9.64234579081006e-07
323 323 3.85693834974922e-06
323 324 -4.82117294973696e-07
323 322 -4.82117292424477e-07
323 232 -9.64234587554673e-07
323 233 -9.64234589947407e-07
323 231 -9.64234584848965e-07
324 324 3.85693836886527e-06
324 325 -4.82117297201351e-07
324 323 -4.82117294973696e-07
324 233 -9.64234592340143e-07
324 234 -9.64234594402678e-07
324 232 -9.64234589947406e-07
325 325 3.85693838547457e-06
325 326 -4.82117299135113e-07
325 324 -4.82117297201351e-07
325 234 -9.64234596465197e-07
325 235 -9.64234598270235e-07
325 233 -9.64234594402677e-07
326 326 3.85693839989438e-06
326 327 -4.82117300804582e-07
326 325 -4.82117299135113e-07
326 235 -9.64234600075275e-07
326 236 -9.64234601609177e-07
326 234 -9.64234598270235e-07
327 327 3.85693841210287e-06
327 328 -4.82117302182007e-07
327 326 -4.82117300804582e-07
327 236 -9.64234603143092e-07
327 237 -9.64234604364011e-07
327 235 -9.64234601609177e-07
328 328 3.85693842165461e-06
328 329 -4.82117303174565e-07
328 327 -4.82117302182007e-07
328 237 -9.64234605584919e-07
328 238 -9.64234606349109e-07
328 236 -9.64234604364011e-07
329 329 3.85693834754335e-06
329 330 -4.82117276968794e-07
329 328 -4.82117303174565e-07
329 238 -9.64234607113278e-07
329 239 -9.64234553937602e-07
329 237 -9.64234606349109e-07
330 330 3.85692130876593e-06
330 331 -4.82111659032539e-07
330 329 -4.82117276968794e-07
330 239 -9.64234500761923e-07
330 240 -9.64223318065076e-07
330 238 -9.64234553937602e-07
331 331 3.85340749040879e-06
331 332 -4.80953459314316e-07
331 330 -4.82111659032539e-07
331 240 -9.64212135368226e-07
331 241 -9.61906918628629e-07
331 239 -9.64223318065076e-07
332 332 3.48375133552566e-06
332 333 -3.60429751897903e-07
332 331 -4.80953459314316e-07
332 241 -9.59601701889016e-07
332 242 -7.20859503795793e-07
332 240 -9.61906918628629e-07
333 333 1.92846922244852e-06
333 334 -1.21687553684090e-07
333 332 -3.60429751897903e-07
333 242 -4.82117305702552e-07
333 243 -2.43375107368180e-07
333 241 -7.20859503795793e-07
334 334 3.73187108049944e-07
334 335 -1.16384598795793e-09
334 333 -1.21687553684090e-07
334 243 -4.63290903380011e-09
334 244 -2.32769197591589e-09
334 242 -2.43375107368180e-07
335 335 3.53159224647473e-09
335 336 -5.85978818987932e-12
335 334 -1.16384598795793e-09
335 244 -2.24749180312647e-11
335 245 -1.17195763797589e-11
335 243 -2.32769197591589e-09
336 336 1.99899521237527e-11
336 337 -4.82117608617578e-13
336 335 -5.85978818987932e-12
336 245 -9.64234728261815e-13
336 246 -9.64235217235119e-13
336 244 -1.17195763797589e-11
337 337 3.85694313268364e-12
337 338 -4.82118200207490e-13
337 336 -4.82117608617578e-13
337 246 -9.64235706208459e-13
337 247 -9.64236400414999e-13
337 245 -9.64235217235119e-13
338 338 3.85694816741076e-12
338 339 -4.82118824055567e-13
338 337 -4.82118200207490e-13
338 247 -9.64237094621545e-13
338 248 -9.64237648111155e-13
338 246 -9.64236400414999e-13
339 339 3.85695259010835e-12
339 340 -4.82119305446952e-13
339 338 -4.82118824055567e-13
339 248 -9.64238201600778e-13
339 249 -9.64238610893894e-13
339 247 -9.64237648111155e-13
340 340 3.85695656170049e-12
340 341 -4.82119875057549e-13
340 339 -4.82119305446952e-13
340 249 -9.64239020187000e-13
340 250 -9.64239750115094e-13
340 248 -9.64238610893894e-13
341 341 3.85696178057457e-12
341 342 -4.82120558452924e-13
341 340 -4.82119875057549e-13
341 250 -9.64240480043169e-13
341 251 -9.64241116905835e-13
341 249 -9.64239750115093e-13
342 342 3.85696650220076e-12
342 343 -4.82121024357858e-13
342 341 -4.82120558452924e-13
342 251 -9.64241753768467e-13
342 252 -9.64242048715680e-13
342 250 -9.64241116905835e-13
343 343 3.85696996665158e-12
343 344 -4.82121516638386e-13
343 342 -4.82121024357858e-13
343 252 -9.64242343662860e-13
343 253 -9.64243033276792e-13
343 251 -9.64242048715680e-13
344 344 3.85697505505732e-12
344 345 -4.82122260750457e-13
344 343 -4.82121516638386e-13
344 253 -9.64243722890740e-13
344 254 -9.64244521500947e-13
344 252 -9.64243033276791e-13
345 345 3.85698040726574e-12
345 346 -4.82122768301066e-13
345 344 -4.82122260750457e-13
345 254 -9.64245320111179e-13
345 255 -9.64245536602095e-13
345 253 -9.64244521500946e-13
346 346 3.85698346043313e-12
346 347 -4.82123134145660e-13
346 345 -4.82122768301066e-13
346 255 -9.64245753092995e-13
346 256 -9.64246268291316e-13
346 254 -9.64245536602095e-13
347 347 3.85698782110600e-12
347 348 -4.82123878393137e-13
347 346 -4.82123134145660e-13
347 256 -9.64246783489613e-13
347 257 -9.64247756786269e-13
347 255 -9.64246268291315e-13
348 348 3.85699385393301e-12
348 349 -4.82124496223563e-13
348 347 -4.82123878393137e-13
348 257 -9.64248730082914e-13
348 258 -9.64248992447126e-13
348 256 -9.64247756786269e-13
349 349 3.85699695329554e-12
349 350 -4.82124736604526e-13
349 348 -4.82124496223563e-13
349 258 -9.64249254811311e-13
349 259 -9.64249473209009e-13
349 257 -9.64248992447126e-13
350 350 3.85699998684470e-12
350 351 -4.82125361808150e-13
350 349 -4.82124736604526e-13
350 259 -9.64249691606676e-13
350 260 -9.64250723616333e-13
350 258 -9.64249473209009e-13
351 351 3.85700617387061e-12
351 352 -4.82126110940041e-13
351 350 -4.82125361808150e-13
351 260 -9.64251755626002e-13
351 261 -9.64252221880084e-13
351 259 -9.64250723616333e-13
352 352 3.85700991253497e-12
352 353 -4.82126297193546e-13
352 351 -4.82126110940041e-13
352 261 -9.64252688134195e-13
352 262 -9.64252594387100e-13
352 260 -9.64252221880084e-13
353 353 3.85701142763164e-12
353 354 -4.82126678470338e-13
353 352 -4.82126297193546e-13
353 262 -9.64252500640010e-13
353 263 -9.64253356940647e-13
353 261 -9.64252594387099e-13
354 354 3.85701669063503e-12
354 355 -4.82127480660927e-13
354 353 -4.82126678470338e-13
354 263 -9.64254213241265e-13
354 264 -9.64254961321855e-13
354 262 -9.64253356940646e-13
355 355 3.85702132354520e-12
355 356 -4.82127724053328e-13
355 354 -4.82127480660927e-13
355 264 -9.64255709402435e-13
355 265 -9.64255448106657e-13
355 263 -9.64254961321855e-13
356 356 3.85702180093089e-12
356 357 -4.82127813986670e-13
356 355 -4.82127724053328e-13
356 265 -9.64255186810887e-13
356 266 -9.64255627973348e-13
356 264 -9.64255448106657e-13
357 357 3.85702497400534e-12
357 358 -4.82128487636521e-13
357 356 -4.82127813986670e-13
357 266 -9.64256069135795e-13
357 267 -9.64256975273005e-13
357 265 -9.64255627973348e-13
358 358 3.85702985805798e-12
358 359 -4.82128837912753e-13
358 357 -4.82128487636521e-13
358 267 -9.64257881410183e-13
358 268 -9.64257675825514e-13
358 266 -9.64256975273005e-13
359 359 3.85703023714662e-12
359 360 -4.82128751055835e-13
359 358 -4.82128837912753e-13
359 268 -9.64257470240844e-13
359 269 -9.64257502111676e-13
359 267 -9.64257675825514e-13
360 360 3.85703187406769e-12
360 361 -4.82129362305880e-13
360 359 -4.82128751055835e-13
360 269 -9.64257533982527e-13
360 270 -9.64258724611767e-13
360 268 -9.64257502111676e-13
361 361 3.85703772611051e-12
361 362 -4.82129907983964e-13
361 360 -4.82129362305880e-13
361 270 -9.64259915241003e-13
361 271 -9.64259815967898e-13
361 269 -9.64258724611767e-13
362 362 3.85703785031317e-12
362 363 -4.82129469888845e-13
362 361 -4.82129907983964e-13
362 271 -9.64259716694769e-13
362 272 -9.64258939777697e-13
362 270 -9.64259815967897e-13
363 363 1.92851749109685e-12
363 362 -4.82129469888845e-13
363 272 -4.82129081430310e-13
363 271 -9.64258939777697e-13
