228 296 228 296
228 228 7.71387649097201e-06
228 229 -9.64234565321302e-07
228 320 -9.64234565321293e-07
228 319 -9.64234561537308e-07
228 318 -9.64234557311173e-07
228 227 -9.64234557311165e-07
228 115 -9.64234561537309e-07
228 116 -9.64234565321294e-07
228 114 -9.64234557311173e-07
229 229 7.71387655186047e-06
229 230 -9.64234572562002e-07
229 228 -9.64234565321302e-07
229 321 -9.64234572562012e-07
229 320 -9.64234569105277e-07
229 319 -9.64234565321294e-07
229 116 -9.64234569105279e-07
229 117 -9.64234572562012e-07
229 115 -9.64234565321294e-07
230 230 7.71387660696655e-06
230 231 -9.64234579081015e-07
230 229 -9.64234572562002e-07
230 322 -9.64234579081006e-07
230 321 -9.64234576018746e-07
230 320 -9.64234572562012e-07
230 117 -9.64234576018746e-07
230 118 -9.64234579081006e-07
230 116 -9.64234572562012e-07
231 231 7.71387665607645e-06
231 232 -9.64234584848956e-07
231 230 -9.64234579081015e-07
231 323 -9.64234584848965e-07
231 322 -9.64234582143267e-07
231 321 -9.64234579081007e-07
231 118 -9.64234582143266e-07
231 119 -9.64234584848965e-07
231 117 -9.64234579081006e-07
232 232 7.71387669949844e-06
232 233 -9.64234589947395e-07
232 231 -9.64234584848956e-07
232 324 -9.64234589947406e-07
232 323 -9.64234587554673e-07
232 322 -9.64234584848965e-07
232 119 -9.64234587554674e-07
232 120 -9.64234589947406e-07
232 118 -9.64234584848965e-07
233 233 7.71387673773055e-06
233 234 -9.64234594402701e-07
233 232 -9.64234589947395e-07
233 325 -9.64234594402677e-07
233 324 -9.64234592340143e-07
233 323 -9.64234589947407e-07
233 120 -9.64234592340143e-07
233 121 -9.64234594402677e-07
233 119 -9.64234589947406e-07
234 234 7.71387677094914e-06
234 235 -9.64234598270225e-07
234 233 -9.64234594402701e-07
234 326 -9.64234598270235e-07
234 325 -9.64234596465197e-07
234 324 -9.64234594402678e-07
234 121 -9.64234596465197e-07
234 122 -9.64234598270234e-07
234 120 -9.64234594402677e-07
235 235 7.71387679978876e-06
235 236 -9.64234601609165e-07
235 234 -9.64234598270225e-07
235 327 -9.64234601609177e-07
235 326 -9.64234600075275e-07
235 325 -9.64234598270235e-07
235 122 -9.64234600075275e-07
235 123 -9.64234601609176e-07
235 121 -9.64234598270235e-07
236 236 7.71387682420574e-06
236 237 -9.64234604364015e-07
236 235 -9.64234601609165e-07
236 328 -9.64234604364011e-07
236 327 -9.64234603143092e-07
236 326 -9.64234601609177e-07
236 123 -9.64234603143092e-07
236 124 -9.64234604364010e-07
236 122 -9.64234601609176e-07
237 237 7.71387684330922e-06
237 238 -9.64234606349131e-07
237 236 -9.64234604364015e-07
237 329 -9.64234606349109e-07
237 328 -9.64234605584919e-07
237 327 -9.64234604364011e-07
237 124 -9.64234605584920e-07
237 125 -9.64234606349108e-07
237 123 -9.64234604364010e-07
238 238 7.71387669508670e-06
238 239 -9.64234553937591e-07
238 237 -9.64234606349131e-07
238 330 -9.64234553937602e-07
238 329 -9.64234607113278e-07
238 328 -9.64234606349109e-07
238 125 -9.64234607113278e-07
238 126 -9.64234553937602e-07
238 124 -9.64234606349109e-07
239 239 7.71384261753187e-06
239 240 -9.64223318065080e-07
239 238 -9.64234553937591e-07
239 331 -9.64223318065076e-07
239 330 -9.64234500761923e-07
239 329 -9.64234553937602e-07
239 126 -9.64234500761925e-07
239 127 -9.64223318065076e-07
239 125 -9.64234553937602e-07
240 240 7.70681498081758e-06
240 241 -9.61906918628634e-07
240 239 -9.64223318065080e-07
240 332 -9.61906918628629e-07
240 331 -9.64212135368226e-07
240 330 -9.64223318065076e-07
240 127 -9.64212135368227e-07
240 128 -9.61906918628628e-07
240 126 -9.64223318065076e-07
241 241 6.96750267105132e-06
241 242 -7.20859503795809e-07
241 240 -9.61906918628634e-07
241 333 -7.20859503795793e-07
241 332 -9.59601701889016e-07
241 331 -9.61906918628629e-07
241 128 -9.59601701889016e-07
241 129 -7.20859503795793e-07
241 127 -9.61906918628629e-07
242 242 3.85693844489704e-06
242 243 -2.43375107368181e-07
242 241 -7.20859503795809e-07
242 334 -2.43375107368180e-07
242 333 -4.82117305702552e-07
242 332 -7.20859503795793e-07
242 129 -4.82117305702552e-07
242 130 -2.43375107368180e-07
242 128 -7.20859503795793e-07
243 243 7.46374216099890e-07
243 244 -2.32769197591587e-09
243 242 -2.43375107368181e-07
243 335 -2.32769197591589e-09
243 334 -4.63290903380011e-09
243 333 -2.43375107368180e-07
243 130 -4.63290903380017e-09
243 131 -2.32769197591589e-09
243 129 -2.43375107368180e-07
244 244 7.06318449294946e-09
244 245 -1.17195763797587e-11
244 243 -2.32769197591587e-09
244 336 -1.17195763797589e-11
244 335 -2.24749180312647e-11
244 334 -2.32769197591589e-09
244 131 -2.24749180312653e-11
244 132 -1.17195763797589e-11
244 130 -2.32769197591590e-09
245 245 3.99799042475054e-11
245 246 -9.64235217235151e-13
245 244 -1.17195763797587e-11
245 337 -9.64235217235119e-13
245 336 -9.64234728261815e-13
245 335 -1.17195763797589e-11
245 132 -9.64234728261820e-13
245 133 -9.64235217235119e-13
245 131 -1.17195763797589e-11
246 246 7.71388626536729e-12
246 247 -9.64236400414984e-13
246 245 -9.64235217235151e-13
246 338 -9.64236400414999e-13
246 337 -9.64235706208459e-13
246 336 -9.64235217235119e-13
246 133 -9.64235706208459e-13
246 134 -9.64236400414999e-13
246 132 -9.64235217235119e-13
247 247 7.71389633482152e-12
247 248 -9.64237648111140e-13
247 246 -9.64236400414984e-13
247 339 -9.64237648111155e-13
247 338 -9.64237094621545e-13
247 337 -9.64236400414999e-13
247 134 -9.64237094621546e-13
247 135 -9.64237648111155e-13
247 133 -9.64236400415000e-13
248 248 7.71390518021671e-12
248 249 -9.64238610893911e-13
248 247 -9.64237648111140e-13
248 340 -9.64238610893894e-13
248 339 -9.64238201600778e-13
248 338 -9.64237648111155e-13
248 135 -9.64238201600779e-13
248 136 -9.64238610893894e-13
248 134 -9.64237648111155e-13
249 249 7.71391312340098e-12
249 250 -9.64239750115094e-13
249 248 -9.64238610893911e-13
249 341 -9.64239750115093e-13
249 340 -9.64239020187000e-13
249 339 -9.64238610893894e-13
249 136 -9.64239020187001e-13
249 137 -9.64239750115093e-13
249 135 -9.64238610893895e-13
250 250 7.71392356114914e-12
250 251 -9.64241116905850e-13
250 249 -9.64239750115094e-13
250 342 -9.64241116905835e-13
250 341 -9.64240480043169e-13
250 340 -9.64239750115094e-13
250 137 -9.64240480043170e-13
250 160 -9.64241116905834e-13
250 136 -9.64239750115094e-13
251 251 7.71393300440152e-12
251 252 -9.64242048715711e-13
251 250 -9.64241116905850e-13
251 343 -9.64242048715680e-13
251 342 -9.64241753768467e-13
251 341 -9.64241116905835e-13
251 160 -9.64241753768467e-13
251 161 -9.64242048715679e-13
251 137 -9.64241116905834e-13
252 252 7.71393993330315e-12
252 253 -9.64243033276776e-13
252 251 -9.64242048715711e-13
252 344 -9.64243033276791e-13
252 343 -9.64242343662860e-13
252 342 -9.64242048715680e-13
252 161 -9.64242343662860e-13
252 162 -9.64243033276791e-13
252 160 -9.64242048715680e-13
253 253 7.71395011011464e-12
253 254 -9.64244521500911e-13
253 252 -9.64243033276776e-13
253 345 -9.64244521500946e-13
253 344 -9.64243722890740e-13
253 343 -9.64243033276792e-13
253 162 -9.64243722890740e-13
253 163 -9.64244521500947e-13
253 161 -9.64243033276792e-13
254 254 7.71396081453148e-12
254 255 -9.64245536602126e-13
254 253 -9.64244521500911e-13
254 346 -9.64245536602095e-13
254 345 -9.64245320111179e-13
254 344 -9.64244521500947e-13
254 163 -9.64245320111180e-13
254 164 -9.64245536602095e-13
254 162 -9.64244521500947e-13
255 255 7.71396692086625e-12
255 256 -9.64246268291316e-13
255 254 -9.64245536602126e-13
255 347 -9.64246268291315e-13
255 346 -9.64245753092995e-13
255 345 -9.64245536602095e-13
255 164 -9.64245753092995e-13
255 165 -9.64246268291315e-13
255 163 -9.64245536602095e-13
256 256 7.71397564221199e-12
256 257 -9.64247756786281e-13
256 255 -9.64246268291316e-13
256 348 -9.64247756786269e-13
256 347 -9.64246783489613e-13
256 346 -9.64246268291316e-13
256 165 -9.64246783489614e-13
256 166 -9.64247756786269e-13
256 164 -9.64246268291316e-13
257 257 7.71398770786602e-12
257 258 -9.64248992447122e-13
257 256 -9.64247756786281e-13
257 349 -9.64248992447126e-13
257 348 -9.64248730082914e-13
257 347 -9.64247756786269e-13
257 166 -9.64248730082914e-13
257 167 -9.64248992447126e-13
257 165 -9.64247756786269e-13
258 258 7.71399390659107e-12
258 259 -9.64249473209056e-13
258 257 -9.64248992447122e-13
258 350 -9.64249473209009e-13
258 349 -9.64249254811311e-13
258 348 -9.64248992447126e-13
258 167 -9.64249254811312e-13
258 168 -9.64249473209009e-13
258 166 -9.64248992447126e-13
259 259 7.71399997368939e-12
259 260 -9.64250723616299e-13
259 258 -9.64249473209056e-13
259 351 -9.64250723616333e-13
259 350 -9.64249691606676e-13
259 349 -9.64249473209009e-13
259 168 -9.64249691606678e-13
259 169 -9.64250723616334e-13
259 167 -9.64249473209009e-13
260 260 7.71401234774122e-12
260 261 -9.64252221880080e-13
260 259 -9.64250723616299e-13
260 352 -9.64252221880084e-13
260 351 -9.64251755626002e-13
260 350 -9.64250723616333e-13
260 169 -9.64251755626003e-13
260 170 -9.64252221880084e-13
260 168 -9.64250723616334e-13
261 261 7.71401982506992e-12
261 262 -9.64252594387081e-13
261 260 -9.64252221880080e-13
261 353 -9.64252594387099e-13
261 352 -9.64252688134195e-13
261 351 -9.64252221880084e-13
261 170 -9.64252688134195e-13
261 171 -9.64252594387099e-13
261 169 -9.64252221880084e-13
262 262 7.71402285526327e-12
262 263 -9.64253356940674e-13
262 261 -9.64252594387081e-13
262 354 -9.64253356940646e-13
262 353 -9.64252500640010e-13
262 352 -9.64252594387100e-13
262 171 -9.64252500640011e-13
262 172 -9.64253356940646e-13
262 170 -9.64252594387099e-13
263 263 7.71403338127006e-12
263 264 -9.64254961321850e-13
263 262 -9.64253356940674e-13
263 355 -9.64254961321855e-13
263 354 -9.64254213241265e-13
263 353 -9.64253356940647e-13
263 172 -9.64254213241265e-13
263 173 -9.64254961321854e-13
263 171 -9.64253356940646e-13
264 264 7.71404264709040e-12
264 265 -9.64255448106653e-13
264 263 -9.64254961321850e-13
264 356 -9.64255448106657e-13
264 355 -9.64255709402435e-13
264 354 -9.64254961321855e-13
264 173 -9.64255709402435e-13
264 174 -9.64255448106657e-13
264 172 -9.64254961321854e-13
265 265 7.71404360186178e-12
265 266 -9.64255627973341e-13
265 264 -9.64255448106653e-13
265 357 -9.64255627973348e-13
265 356 -9.64255186810887e-13
265 355 -9.64255448106657e-13
265 174 -9.64255186810888e-13
265 175 -9.64255627973348e-13
265 173 -9.64255448106657e-13
266 266 7.71404994801069e-12
266 267 -9.64256975273048e-13
266 265 -9.64255627973341e-13
266 358 -9.64256975273005e-13
266 357 -9.64256069135795e-13
266 356 -9.64255627973348e-13
266 175 -9.64256069135796e-13
266 176 -9.64256975273005e-13
266 174 -9.64255627973349e-13
267 267 7.71405971611595e-12
267 268 -9.64257675825495e-13
267 266 -9.64256975273048e-13
267 359 -9.64257675825514e-13
267 358 -9.64257881410183e-13
267 357 -9.64256975273005e-13
267 176 -9.64257881410184e-13
267 177 -9.64257675825514e-13
267 175 -9.64256975273005e-13
268 268 7.71406047429323e-12
268 269 -9.64257502111669e-13
268 267 -9.64257675825495e-13
268 360 -9.64257502111676e-13
268 359 -9.64257470240844e-13
268 358 -9.64257675825514e-13
268 177 -9.64257470240845e-13
268 178 -9.64257502111676e-13
268 176 -9.64257675825514e-13
269 269 7.71406374813537e-12
269 270 -9.64258724611760e-13
269 268 -9.64257502111669e-13
269 361 -9.64258724611767e-13
269 360 -9.64257533982527e-13
269 359 -9.64257502111676e-13
269 178 -9.64257533982528e-13
269 179 -9.64258724611767e-13
269 177 -9.64257502111676e-13
270 270 7.71407545222102e-12
270 271 -9.64259815967925e-13
270 269 -9.64258724611760e-13
270 362 -9.64259815967897e-13
270 361 -9.64259915241003e-13
270 360 -9.64258724611767e-13
270 179 -9.64259915241004e-13
270 180 -9.64259815967897e-13
270 178 -9.64258724611767e-13
271 271 7.71407570062634e-12
271 272 -9.64258939777690e-13
271 270 -9.64259815967925e-13
271 363 -9.64258939777697e-13
271 362 -9.64259716694769e-13
271 361 -9.64259815967898e-13
271 180 -9.64259716694770e-13
271 181 -9.64258939777697e-13
271 179 -9.64259815967898e-13
272 272 3.85703498219370e-12
272 271 -9.64258939777690e-13
272 363 -4.82129081430310e-13
272 362 -9.64258939777697e-13
272 181 -4.82129081430310e-13
272 180 -9.64258939777697e-13
273 273 1.92846875133477e-06
273 274 -4.82117187832254e-07
273 183 -9.64234375664508e-07
273 182 -4.82117187838009e-07
274 274 3.85693750257784e-06
274 275 -4.82117187809361e-07
274 273 -4.82117187832254e-07
274 183 -9.64234375652995e-07
274 184 -9.64234375618723e-07
274 182 -9.64234375664507e-07
275 275 3.85693750230424e-06
275 276 -4.82117187763903e-07
275 274 -4.82117187809361e-07
275 184 -9.64234375584449e-07
275 185 -9.64234375527806e-07
275 183 -9.64234375618723e-07
276 276 3.85693750185184e-06
276 277 -4.82117187696322e-07
276 275 -4.82117187763903e-07
276 185 -9.64234375471161e-07
276 186 -9.64234375392644e-07
276 184 -9.64234375527805e-07
277 277 3.85693750122542e-06
277 278 -4.82117187607442e-07
277 276 -4.82117187696322e-07
277 186 -9.64234375314127e-07
277 187 -9.64234375214886e-07
277 185 -9.64234375392644e-07
278 278 3.85693750043375e-06
278 279 -4.82117187498592e-07
278 277 -4.82117187607442e-07
278 187 -9.64234375115644e-07
278 188 -9.64234374997184e-07
278 186 -9.64234375214885e-07
279 279 3.85693749948664e-06
279 280 -4.82117187370713e-07
279 278 -4.82117187498592e-07
279 188 -9.64234374878722e-07
279 189 -9.64234374741425e-07
279 187 -9.64234374997184e-07
280 280 3.85693749839261e-06
280 281 -4.82117187225450e-07
280 279 -4.82117187370713e-07
280 189 -9.64234374604124e-07
280 190 -9.64234374450901e-07
280 188 -9.64234374741424e-07
281 281 3.85693749716835e-06
281 282 -4.82117187064775e-07
281 280 -4.82117187225450e-07
281 190 -9.64234374297677e-07
281 191 -9.64234374129552e-07
281 189 -9.64234374450901e-07
282 282 3.85693749582796e-06
282 283 -4.82117186890735e-07
282 281 -4.82117187064775e-07
282 191 -9.64234373961427e-07
282 192 -9.64234373781471e-07
282 190 -9.64234374129552e-07
283 283 3.85693749439033e-06
283 284 -4.82117186705537e-07
283 282 -4.82117186890735e-07
283 192 -9.64234373601514e-07
283 193 -9.64234373411074e-07
283 191 -9.64234373781470e-07
284 284 3.85693749287205e-06
284 285 -4.82117186511602e-07
284 283 -4.82117186705537e-07
284 193 -9.64234373220633e-07
284 194 -9.64234373023205e-07
284 192 -9.64234373411074e-07
285 285 3.85693749129529e-06
285 286 -4.82117186311570e-07
285 284 -4.82117186511602e-07
285 194 -9.64234372825773e-07
285 195 -9.64234372623135e-07
285 193 -9.64234373023205e-07
286 286 3.85693748968025e-06
286 287 -4.82117186108349e-07
286 285 -4.82117186311570e-07
286 195 -9.64234372420491e-07
286 196 -9.64234372216700e-07
286 194 -9.64234372623135e-07
287 287 3.85693748805387e-06
287 288 -4.82117185905305e-07
287 286 -4.82117186108349e-07
287 196 -9.64234372012904e-07
287 197 -9.64234371810611e-07
287 195 -9.64234372216699e-07
288 288 3.85693748644361e-06
288 289 -4.82117185706457e-07
288 287 -4.82117185905305e-07
288 197 -9.64234371608317e-07
288 198 -9.64234371412917e-07
288 196 -9.64234371810610e-07
289 289 3.85693748488721e-06
289 290 -4.82117185516772e-07
289 288 -4.82117185706457e-07
289 198 -9.64234371217520e-07
289 199 -9.64234371033548e-07
289 197 -9.64234371412917e-07
290 290 3.85693748342697e-06
290 291 -4.82117185342357e-07
290 289 -4.82117185516772e-07
290 199 -9.64234370849581e-07
290 200 -9.64234370684712e-07
290 198 -9.64234371033548e-07
291 291 3.85693748211761e-06
291 292 -4.82117185190231e-07
291 290 -4.82117185342357e-07
291 200 -9.64234370519845e-07
291 201 -9.64234370380461e-07
291 199 -9.64234370684712e-07
292 292 3.85693748101325e-06
292 293 -4.82117185067162e-07
292 291 -4.82117185190231e-07
292 201 -9.64234370241077e-07
292 202 -9.64234370134322e-07
292 200 -9.64234370380461e-07
293 293 3.85693748015953e-06
293 294 -4.82117184976828e-07
293 292 -4.82117185067162e-07
293 202 -9.64234370027565e-07
293 203 -9.64234369953655e-07
293 201 -9.64234370134322e-07
294 294 3.85693747955530e-06
294 295 -4.82117184915024e-07
294 293 -4.82117184976828e-07
294 203 -9.64234369879742e-07
294 204 -9.64234369830048e-07
294 202 -9.64234369953655e-07
295 295 3.85693747911879e-06
295 296 -4.82117184864455e-07
295 294 -4.82117184915024e-07
295 204 -9.64234369780353e-07
295 205 -9.64234369728909e-07
295 203 -9.64234369830048e-07
296 296 3.85693747866111e-06
296 295 -4.82117184864455e-07
296 297 -4.82117184796761e-07
296 206 -9.64234369593522e-07
296 205 -9.64234369677464e-07
296 204 -9.64234369728909e-07
