0 363 0 363
0 0 1.92846875133477e-06
0 92 -9.64234375664510e-07
0 91 -4.82117187838010e-07
0 1 -4.82117187832255e-07
1 1 3.85693750257785e-06
1 93 -9.64234375618726e-07
1 2 -4.82117187809363e-07
1 92 -9.64234375652999e-07
1 91 -9.64234375664510e-07
1 0 -4.82117187832255e-07
2 2 3.85693750230425e-06
2 94 -9.64234375527808e-07
2 3 -4.82117187763904e-07
2 93 -9.64234375584453e-07
2 92 -9.64234375618726e-07
2 1 -4.82117187809363e-07
3 3 3.85693750185184e-06
3 95 -9.64234375392645e-07
3 4 -4.82117187696323e-07
3 94 -9.64234375471164e-07
3 93 -9.64234375527808e-07
3 2 -4.82117187763904e-07
4 4 3.85693750122543e-06
4 96 -9.64234375214887e-07
4 5 -4.82117187607443e-07
4 95 -9.64234375314128e-07
4 94 -9.64234375392645e-07
4 3 -4.82117187696323e-07
5 5 3.85693750043376e-06
5 97 -9.64234374997186e-07
5 6 -4.82117187498593e-07
5 96 -9.64234375115648e-07
5 95 -9.64234375214887e-07
5 4 -4.82117187607443e-07
6 6 3.85693749948665e-06
6 98 -9.64234374741427e-07
6 7 -4.82117187370714e-07
6 97 -9.64234374878725e-07
6 96 -9.64234374997186e-07
6 5 -4.82117187498593e-07
7 7 3.85693749839262e-06
7 99 -9.64234374450903e-07
7 8 -4.82117187225451e-07
7 98 -9.64234374604127e-07
7 97 -9.64234374741427e-07
7 6 -4.82117187370714e-07
8 8 3.85693749716836e-06
8 100 -9.64234374129554e-07
8 9 -4.82117187064776e-07
8 99 -9.64234374297680e-07
8 98 -9.64234374450903e-07
8 7 -4.82117187225451e-07
9 9 3.85693749582797e-06
9 101 -9.64234373781473e-07
9 10 -4.82117186890735e-07
9 100 -9.64234373961431e-07
9 99 -9.64234374129554e-07
9 8 -4.82117187064776e-07
10 10 3.85693749439034e-06
10 102 -9.64234373411076e-07
10 11 -4.82117186705538e-07
10 101 -9.64234373601517e-07
10 100 -9.64234373781473e-07
10 9 -4.82117186890735e-07
11 11 3.85693749287206e-06
11 103 -9.64234373023206e-07
11 12 -4.82117186511603e-07
11 102 -9.64234373220635e-07
11 101 -9.64234373411076e-07
11 10 -4.82117186705538e-07
12 12 3.85693749129529e-06
12 104 -9.64234372623137e-07
12 13 -4.82117186311570e-07
12 103 -9.64234372825775e-07
12 102 -9.64234373023206e-07
12 11 -4.82117186511603e-07
13 13 3.85693748968025e-06
13 105 -9.64234372216702e-07
13 14 -4.82117186108351e-07
13 104 -9.64234372420495e-07
13 103 -9.64234372623137e-07
13 12 -4.82117186311570e-07
14 14 3.85693748805388e-06
14 106 -9.64234371810613e-07
14 15 -4.82117185905306e-07
14 105 -9.64234372012908e-07
14 104 -9.64234372216702e-07
14 13 -4.82117186108351e-07
15 15 3.85693748644362e-06
15 107 -9.64234371412920e-07
15 16 -4.82117185706459e-07
15 106 -9.64234371608320e-07
15 105 -9.64234371810613e-07
15 14 -4.82117185905306e-07
16 16 3.85693748488723e-06
16 108 -9.64234371033552e-07
16 17 -4.82117185516773e-07
16 107 -9.64234371217525e-07
16 106 -9.64234371412920e-07
16 15 -4.82117185706459e-07
17 17 3.85693748342698e-06
17 109 -9.64234370684715e-07
17 18 -4.82117185342358e-07
17 108 -9.64234370849584e-07
17 107 -9.64234371033552e-07
17 16 -4.82117185516773e-07
18 18 3.85693748211761e-06
18 110 -9.64234370380464e-07
18 19 -4.82117185190229e-07
18 109 -9.64234370519849e-07
18 108 -9.64234370684715e-07
18 17 -4.82117185342358e-07
19 19 3.85693748101326e-06
19 111 -9.64234370134325e-07
19 20 -4.82117185067163e-07
19 110 -9.64234370241080e-07
19 109 -9.64234370380464e-07
19 18 -4.82117185190229e-07
20 20 3.85693748015954e-06
20 112 -9.64234369953657e-07
20 21 -4.82117184976829e-07
20 111 -9.64234370027570e-07
20 110 -9.64234370134325e-07
20 19 -4.82117185067163e-07
21 21 3.85693747955531e-06
21 113 -9.64234369830052e-07
21 22 -4.82117184915026e-07
21 112 -9.64234369879745e-07
21 111 -9.64234369953657e-07
21 20 -4.82117184976829e-07
22 22 3.85693747911881e-06
22 114 -9.64234369728914e-07
22 23 -4.82117184864457e-07
22 113 -9.64234369780359e-07
22 112 -9.64234369830052e-07
22 21 -4.82117184915026e-07
23 23 3.85693747866113e-06
23 115 -9.64234369593527e-07
23 24 -4.82117184796763e-07
23 114 -9.64234369677468e-07
23 113 -9.64234369728914e-07
23 22 -4.82117184864457e-07
24 24 3.85693747801475e-06
24 116 -9.64234369409917e-07
24 25 -4.82117184704959e-07
24 115 -9.64234369509586e-07
24 114 -9.64234369593527e-07
24 23 -4.82117184796763e-07
25 25 3.85693747760109e-06
25 117 -9.64234369450645e-07
25 26 -4.82117184725327e-07
25 116 -9.64234369310247e-07
25 115 -9.64234369409917e-07
25 24 -4.82117184704959e-07
26 26 3.85693748011394e-06
26 118 -9.64234370897957e-07
26 27 -4.82117185448974e-07
26 117 -9.64234369591041e-07
26 116 -9.64234369450645e-07
26 25 -4.82117184725327e-07
27 27 3.85693748191877e-06
27 119 -9.64234368911306e-07
27 28 -4.82117184455657e-07
27 118 -9.64234372204874e-07
27 117 -9.64234370897957e-07
27 26 -4.82117185448974e-07
28 28 3.85693745258797e-06
28 120 -9.64234355735512e-07
28 29 -4.82117177867756e-07
28 119 -9.64234365617737e-07
28 118 -9.64234368911306e-07
28 27 -4.82117184455657e-07
29 29 3.85693740435235e-06
29 121 -9.64234349930531e-07
29 30 -4.82117174965269e-07
29 120 -9.64234345853283e-07
29 119 -9.64234355735512e-07
29 28 -4.82117177867756e-07
30 30 3.85693741396779e-06
30 122 -9.64234356709480e-07
30 31 -4.82117178354736e-07
30 121 -9.64234354007779e-07
30 120 -9.64234349930531e-07
30 29 -4.82117174965269e-07
31 31 3.85693744388950e-06
31 123 -9.64234366276064e-07
31 32 -4.82117183138035e-07
31 122 -9.64234359411185e-07
31 121 -9.64234356709480e-07
31 30 -4.82117178354736e-07
32 32 3.85693749239375e-06
32 124 -9.64234379892474e-07
32 33 -4.82117189946232e-07
32 123 -9.64234373140950e-07
32 122 -9.64234366276064e-07
32 31 -4.82117183138035e-07
33 33 3.85693754813144e-06
33 125 -9.64234394432484e-07
33 34 -4.82117197216239e-07
33 124 -9.64234386644009e-07
33 123 -9.64234379892474e-07
33 32 -4.82117189946232e-07
34 34 3.85693760985465e-06
34 126 -9.64234410656640e-07
34 35 -4.82117205328330e-07
34 125 -9.64234402220958e-07
34 124 -9.64234394432484e-07
34 33 -4.82117197216239e-07
35 35 3.85693767633255e-06
35 127 -9.64234427503521e-07
35 36 -4.82117213751749e-07
35 126 -9.64234419092313e-07
35 125 -9.64234410656640e-07
35 34 -4.82117205328330e-07
36 36 3.85693774297163e-06
36 128 -9.64234443867752e-07
36 37 -4.82117221933874e-07
36 127 -9.64234435914738e-07
36 126 -9.64234427503521e-07
36 35 -4.82117213751749e-07
37 37 3.85693780734355e-06
37 129 -9.64234459814104e-07
37 38 -4.82117229907048e-07
37 128 -9.64234451820774e-07
37 127 -9.64234443867752e-07
37 36 -4.82117221933874e-07
38 38 3.85693787066925e-06
38 130 -9.64234475427106e-07
38 39 -4.82117237713557e-07
38 129 -9.64234467807432e-07
38 128 -9.64234459814104e-07
38 37 -4.82117229907048e-07
39 39 3.85693793109287e-06
39 131 -9.64234489936958e-07
39 40 -4.82117244968469e-07
39 130 -9.64234483046780e-07
39 129 -9.64234475427106e-07
39 38 -4.82117237713557e-07
40 40 3.85693798681601e-06
40 132 -9.64234503388959e-07
40 41 -4.82117251694490e-07
40 131 -9.64234496827136e-07
40 130 -9.64234489936958e-07
40 39 -4.82117244968469e-07
41 41 3.85693803927131e-06
41 133 -9.64234516158063e-07
41 42 -4.82117258079027e-07
41 132 -9.64234509950775e-07
41 131 -9.64234503388959e-07
41 40 -4.82117251694490e-07
42 42 3.85693808844876e-06
42 134 -9.64234527897543e-07
42 43 -4.82117263948776e-07
42 133 -9.64234522365345e-07
42 132 -9.64234516158063e-07
42 41 -4.82117258079027e-07
43 43 3.85693813303881e-06
43 135 -9.64234538508503e-07
43 44 -4.82117269254248e-07
43 134 -9.64234533429740e-07
43 133 -9.64234527897543e-07
43 42 -4.82117263948776e-07
44 44 3.85693817385425e-06
44 136 -9.64234548336151e-07
44 45 -4.82117274168079e-07
44 135 -9.64234543587265e-07
44 134 -9.64234538508503e-07
44 43 -4.82117269254248e-07
45 45 3.85693821155602e-06
45 137 -9.64234557311174e-07
45 46 -4.82117278655583e-07
45 136 -9.64234553085036e-07
45 135 -9.64234548336151e-07
45 44 -4.82117274168079e-07
46 46 3.85693824548601e-06
46 138 -9.64234565321295e-07
46 47 -4.82117282660651e-07
46 137 -9.64234561537310e-07
46 136 -9.64234557311174e-07
46 45 -4.82117278655583e-07
47 47 3.85693827593024e-06
47 139 -9.64234572562013e-07
47 48 -4.82117286281002e-07
47 138 -9.64234569105280e-07
47 137 -9.64234565321295e-07
47 46 -4.82117282660651e-07
48 48 3.85693830348328e-06
48 140 -9.64234579081007e-07
48 49 -4.82117289540507e-07
48 139 -9.64234576018748e-07
48 138 -9.64234572562013e-07
48 47 -4.82117286281002e-07
49 49 3.85693832803822e-06
49 141 -9.64234584848965e-07
49 50 -4.82117292424478e-07
49 140 -9.64234582143267e-07
49 139 -9.64234579081007e-07
49 48 -4.82117289540507e-07
50 50 3.85693834974922e-06
50 142 -9.64234589947407e-07
50 51 -4.82117294973699e-07
50 141 -9.64234587554674e-07
50 140 -9.64234584848965e-07
50 49 -4.82117292424478e-07
51 51 3.85693836886528e-06
51 143 -9.64234594402678e-07
51 52 -4.82117297201351e-07
51 142 -9.64234592340144e-07
51 141 -9.64234589947407e-07
51 50 -4.82117294973699e-07
52 52 3.85693838547457e-06
52 144 -9.64234598270235e-07
52 53 -4.82117299135113e-07
52 143 -9.64234596465198e-07
52 142 -9.64234594402678e-07
52 51 -4.82117297201351e-07
53 53 3.85693839989439e-06
53 145 -9.64234601609177e-07
53 54 -4.82117300804584e-07
53 144 -9.64234600075276e-07
53 143 -9.64234598270235e-07
53 52 -4.82117299135113e-07
54 54 3.85693841210287e-06
54 146 -9.64234604364012e-07
54 55 -4.82117302182009e-07
54 145 -9.64234603143093e-07
54 144 -9.64234601609177e-07
54 53 -4.82117300804584e-07
55 55 3.85693842165462e-06
55 147 -9.64234606349109e-07
55 56 -4.82117303174566e-07
55 146 -9.64234605584921e-07
55 145 -9.64234604364012e-07
55 54 -4.82117302182009e-07
56 56 3.85693834754335e-06
56 148 -9.64234553937602e-07
56 57 -4.82117276968797e-07
56 147 -9.64234607113280e-07
56 146 -9.64234606349109e-07
56 55 -4.82117303174566e-07
57 57 3.85692130876594e-06
57 149 -9.64223318065076e-07
57 58 -4.82111659032541e-07
57 148 -9.64234500761924e-07
57 147 -9.64234553937602e-07
57 56 -4.82117276968797e-07
58 58 3.85340749040879e-06
58 150 -9.61906918628629e-07
58 59 -4.80953459314318e-07
58 149 -9.64212135368228e-07
58 148 -9.64223318065076e-07
58 57 -4.82111659032541e-07
59 59 3.48375133552566e-06
59 151 -7.20859503795794e-07
59 60 -3.60429751897905e-07
59 150 -9.59601701889017e-07
59 149 -9.61906918628629e-07
59 58 -4.80953459314318e-07
60 60 1.92846922244852e-06
60 152 -2.43375107368181e-07
60 61 -1.21687553684091e-07
60 151 -4.82117305702553e-07
60 150 -7.20859503795794e-07
60 59 -3.60429751897905e-07
61 61 3.73187108049946e-07
61 153 -2.32769197591589e-09
61 62 -1.16384598795794e-09
61 152 -4.63290903380021e-09
61 151 -2.43375107368181e-07
61 60 -1.21687553684091e-07
62 62 3.53159224647473e-09
62 154 -1.17195763797589e-11
62 63 -5.85978818987937e-12
62 153 -2.24749180312657e-11
62 152 -2.32769197591589e-09
62 61 -1.16384598795794e-09
63 63 1.99899521237528e-11
63 155 -9.64235217235121e-13
63 64 -4.82117608617574e-13
63 154 -9.64234728261823e-13
63 153 -1.17195763797589e-11
63 62 -5.85978818987937e-12
64 64 3.85694313268365e-12
64 156 -9.64236400415000e-13
64 65 -4.82118200207495e-13
64 155 -9.64235706208462e-13
64 154 -9.64235217235121e-13
64 63 -4.82117608617574e-13
65 65 3.85694816741077e-12
65 157 -9.64237648111154e-13
65 66 -4.82118824055572e-13
65 156 -9.64237094621546e-13
65 155 -9.64236400415000e-13
65 64 -4.82118200207495e-13
66 66 3.85695259010836e-12
66 158 -9.64238610893894e-13
66 67 -4.82119305446957e-13
66 157 -9.64238201600779e-13
66 156 -9.64237648111154e-13
66 65 -4.82118824055572e-13
67 67 3.85695656170049e-12
67 159 -9.64239750115093e-13
67 68 -4.82119875057545e-13
67 158 -9.64239020187000e-13
67 157 -9.64238610893894e-13
67 66 -4.82119305446957e-13
68 68 3.85696178057457e-12
68 160 -9.64241116905835e-13
68 69 -4.82120558452928e-13
68 159 -9.64240480043170e-13
68 158 -9.64239750115093e-13
68 67 -4.82119875057545e-13
69 69 3.85696650220076e-12
69 161 -9.64242048715680e-13
69 70 -4.82121024357853e-13
69 160 -9.64241753768467e-13
69 159 -9.64241116905835e-13
69 68 -4.82120558452928e-13
70 70 3.85696996665158e-12
70 162 -9.64243033276793e-13
70 71 -4.82121516638391e-13
70 161 -9.64242343662861e-13
70 160 -9.64242048715680e-13
70 69 -4.82121024357853e-13
71 71 3.85697505505733e-12
71 163 -9.64244521500948e-13
71 72 -4.82122260750455e-13
71 162 -9.64243722890742e-13
71 161 -9.64243033276793e-13
71 70 -4.82121516638391e-13
72 72 3.85698040726574e-12
72 164 -9.64245536602096e-13
72 73 -4.82122768301061e-13
72 163 -9.64245320111181e-13
72 162 -9.64244521500948e-13
72 71 -4.82122260750455e-13
73 73 3.85698346043313e-12
73 165 -9.64246268291316e-13
73 74 -4.82123134145656e-13
73 164 -9.64245753092996e-13
73 163 -9.64245536602096e-13
73 72 -4.82122768301061e-13
74 74 3.85698782110600e-12
74 166 -9.64247756786270e-13
74 75 -4.82123878393145e-13
74 165 -9.64246783489615e-13
74 164 -9.64246268291316e-13
74 73 -4.82123134145656e-13
75 75 3.85699385393302e-12
75 167 -9.64248992447127e-13
75 76 -4.82124496223561e-13
75 166 -9.64248730082915e-13
75 165 -9.64247756786270e-13
75 74 -4.82123878393145e-13
76 76 3.85699695329554e-12
76 168 -9.64249473209010e-13
76 77 -4.82124736604531e-13
76 167 -9.64249254811314e-13
76 166 -9.64248992447127e-13
76 75 -4.82124496223561e-13
77 77 3.85699998684470e-12
77 169 -9.64250723616335e-13
77 78 -4.82125361808149e-13
77 168 -9.64249691606678e-13
77 167 -9.64249473209010e-13
77 76 -4.82124736604531e-13
78 78 3.85700617387061e-12
78 170 -9.64252221880085e-13
78 79 -4.82126110940039e-13
78 169 -9.64251755626005e-13
78 168 -9.64250723616335e-13
78 77 -4.82125361808149e-13
79 79 3.85700991253496e-12
79 171 -9.64252594387101e-13
79 80 -4.82126297193535e-13
79 170 -9.64252688134196e-13
79 169 -9.64252221880085e-13
79 78 -4.82126110940039e-13
80 80 3.85701142763163e-12
80 172 -9.64253356940648e-13
80 81 -4.82126678470336e-13
80 171 -9.64252500640014e-13
80 170 -9.64252594387101e-13
80 79 -4.82126297193535e-13
81 81 3.85701669063503e-12
81 173 -9.64254961321855e-13
81 82 -4.82127480660925e-13
81 172 -9.64254213241266e-13
81 171 -9.64253356940648e-13
81 80 -4.82126678470336e-13
82 82 3.85702132354520e-12
82 174 -9.64255448106658e-13
82 83 -4.82127724053326e-13
82 173 -9.64255709402437e-13
82 172 -9.64254961321855e-13
82 81 -4.82127480660925e-13
83 83 3.85702180093089e-12
83 175 -9.64255627973349e-13
83 84 -4.82127813986670e-13
83 174 -9.64255186810890e-13
83 173 -9.64255448106658e-13
83 82 -4.82127724053326e-13
84 84 3.85702497400535e-12
84 176 -9.64256975273006e-13
84 85 -4.82128487636528e-13
84 175 -9.64256069135796e-13
84 174 -9.64255627973349e-13
84 83 -4.82127813986670e-13
85 85 3.85702985805798e-12
85 177 -9.64257675825515e-13
85 86 -4.82128837912742e-13
85 176 -9.64257881410185e-13
85 175 -9.64256975273006e-13
85 84 -4.82128487636528e-13
86 86 3.85703023714662e-12
86 178 -9.64257502111678e-13
86 87 -4.82128751055835e-13
86 177 -9.64257470240847e-13
86 176 -9.64257675825515e-13
86 85 -4.82128837912742e-13
87 87 3.85703187406769e-12
87 179 -9.64258724611769e-13
87 88 -4.82129362305881e-13
87 178 -9.64257533982530e-13
87 177 -9.64257502111678e-13
87 86 -4.82128751055835e-13
88 88 3.85703772611051e-12
88 180 -9.64259815967898e-13
88 89 -4.82129907983962e-13
88 179 -9.64259915241005e-13
88 178 -9.64258724611769e-13
88 87 -4.82129362305881e-13
89 89 3.85703785031317e-12
89 181 -9.64258939777698e-13
89 90 -4.82129469888845e-13
89 180 -9.64259716694771e-13
89 179 -9.64259815967898e-13
89 88 -4.82129907983962e-13
90 90 1.92851749109685e-12
90 181 -4.82129081430311e-13
90 180 -9.64258939777698e-13
90 89 -4.82129469888845e-13
91 91 3.85693750266955e-06
91 182 -4.82117187838010e-07
91 1 -9.64234375664510e-07
91 92 -9.64234375664510e-07
91 183 -9.64234375664510e-07
91 0 -4.82117187838010e-07
92 92 7.71387500515570e-06
92 183 -9.64234375652998e-07
92 182 -9.64234375664509e-07
92 2 -9.64234375618726e-07
92 93 -9.64234375618725e-07
92 1 -9.64234375652999e-07
92 184 -9.64234375618725e-07
92 91 -9.64234375664510e-07
92 0 -9.64234375664510e-07
93 93 7.71387500460850e-06
93 184 -9.64234375584452e-07
93 183 -9.64234375618725e-07
93 3 -9.64234375527808e-07
93 94 -9.64234375527806e-07
93 2 -9.64234375584453e-07
93 185 -9.64234375527807e-07
93 92 -9.64234375618725e-07
93 1 -9.64234375618726e-07
94 94 7.71387500370368e-06
94 185 -9.64234375471162e-07
94 184 -9.64234375527807e-07
94 4 -9.64234375392645e-07
94 95 -9.64234375392645e-07
94 3 -9.64234375471164e-07
94 186 -9.64234375392645e-07
94 93 -9.64234375527806e-07
94 2 -9.64234375527808e-07
95 95 7.71387500245085e-06
95 186 -9.64234375314128e-07
95 185 -9.64234375392645e-07
95 5 -9.64234375214887e-07
95 96 -9.64234375214885e-07
95 4 -9.64234375314128e-07
95 187 -9.64234375214887e-07
95 94 -9.64234375392645e-07
95 3 -9.64234375392645e-07
96 96 7.71387500086751e-06
96 187 -9.64234375115647e-07
96 186 -9.64234375214887e-07
96 6 -9.64234374997186e-07
96 97 -9.64234374997186e-07
96 5 -9.64234375115648e-07
96 188 -9.64234374997186e-07
96 95 -9.64234375214885e-07
96 4 -9.64234375214887e-07
97 97 7.71387499897329e-06
97 188 -9.64234374878724e-07
97 187 -9.64234374997186e-07
97 7 -9.64234374741427e-07
97 98 -9.64234374741428e-07
97 6 -9.64234374878725e-07
97 189 -9.64234374741426e-07
97 96 -9.64234374997186e-07
97 5 -9.64234374997186e-07
98 98 7.71387499678524e-06
98 189 -9.64234374604126e-07
98 188 -9.64234374741426e-07
98 8 -9.64234374450903e-07
98 99 -9.64234374450902e-07
98 7 -9.64234374604127e-07
98 190 -9.64234374450903e-07
98 97 -9.64234374741428e-07
98 6 -9.64234374741427e-07
99 99 7.71387499433673e-06
99 190 -9.64234374297680e-07
99 189 -9.64234374450903e-07
99 9 -9.64234374129554e-07
99 100 -9.64234374129552e-07
99 8 -9.64234374297680e-07
99 191 -9.64234374129555e-07
99 98 -9.64234374450902e-07
99 7 -9.64234374450903e-07
100 100 7.71387499165594e-06
100 191 -9.64234373961431e-07
100 190 -9.64234374129554e-07
100 10 -9.64234373781473e-07
100 101 -9.64234373781471e-07
100 9 -9.64234373961431e-07
100 192 -9.64234373781473e-07
100 99 -9.64234374129552e-07
100 8 -9.64234374129554e-07
101 101 7.71387498878068e-06
101 192 -9.64234373601517e-07
101 191 -9.64234373781473e-07
101 11 -9.64234373411076e-07
101 102 -9.64234373411075e-07
101 10 -9.64234373601517e-07
101 193 -9.64234373411076e-07
101 100 -9.64234373781471e-07
101 9 -9.64234373781473e-07
102 102 7.71387498574411e-06
102 193 -9.64234373220635e-07
102 192 -9.64234373411076e-07
102 12 -9.64234373023206e-07
102 103 -9.64234373023205e-07
102 11 -9.64234373220635e-07
102 194 -9.64234373023206e-07
102 101 -9.64234373411075e-07
102 10 -9.64234373411076e-07
103 103 7.71387498259058e-06
103 194 -9.64234372825776e-07
103 193 -9.64234373023206e-07
103 13 -9.64234372623137e-07
103 104 -9.64234372623141e-07
103 12 -9.64234372825775e-07
103 195 -9.64234372623138e-07
103 102 -9.64234373023205e-07
103 11 -9.64234373023206e-07
104 104 7.71387497936051e-06
104 195 -9.64234372420495e-07
104 194 -9.64234372623137e-07
104 14 -9.64234372216702e-07
104 105 -9.64234372216702e-07
104 13 -9.64234372420495e-07
104 196 -9.64234372216703e-07
104 103 -9.64234372623141e-07
104 12 -9.64234372623137e-07
105 105 7.71387497610776e-06
105 196 -9.64234372012908e-07
105 195 -9.64234372216702e-07
105 15 -9.64234371810613e-07
105 106 -9.64234371810613e-07
105 14 -9.64234372012908e-07
105 197 -9.64234371810614e-07
105 104 -9.64234372216702e-07
105 13 -9.64234372216702e-07
106 106 7.71387497288724e-06
106 197 -9.64234371608320e-07
106 196 -9.64234371810613e-07
106 16 -9.64234371412920e-07
106 107 -9.64234371412918e-07
106 15 -9.64234371608320e-07
106 198 -9.64234371412920e-07
106 105 -9.64234371810613e-07
106 14 -9.64234371810613e-07
107 107 7.71387496977446e-06
107 198 -9.64234371217524e-07
107 197 -9.64234371412919e-07
107 17 -9.64234371033552e-07
107 108 -9.64234371033546e-07
107 16 -9.64234371217525e-07
107 199 -9.64234371033551e-07
107 106 -9.64234371412918e-07
107 15 -9.64234371412920e-07
108 108 7.71387496685396e-06
108 199 -9.64234370849584e-07
108 198 -9.64234371033551e-07
108 18 -9.64234370684715e-07
108 109 -9.64234370684716e-07
108 17 -9.64234370849584e-07
108 200 -9.64234370684716e-07
108 107 -9.64234371033546e-07
108 16 -9.64234371033552e-07
109 109 7.71387496423523e-06
109 200 -9.64234370519850e-07
109 199 -9.64234370684715e-07
109 19 -9.64234370380464e-07
109 110 -9.64234370380461e-07
109 18 -9.64234370519849e-07
109 201 -9.64234370380464e-07
109 108 -9.64234370684716e-07
109 17 -9.64234370684715e-07
110 110 7.71387496202652e-06
110 201 -9.64234370241080e-07
110 200 -9.64234370380464e-07
110 20 -9.64234370134325e-07
110 111 -9.64234370134325e-07
110 19 -9.64234370241080e-07
110 202 -9.64234370134325e-07
110 109 -9.64234370380461e-07
110 18 -9.64234370380464e-07
111 111 7.71387496031908e-06
111 202 -9.64234370027569e-07
111 201 -9.64234370134324e-07
111 21 -9.64234369953657e-07
111 112 -9.64234369953657e-07
111 20 -9.64234370027570e-07
111 203 -9.64234369953657e-07
111 110 -9.64234370134325e-07
111 19 -9.64234370134325e-07
112 112 7.71387495911062e-06
112 203 -9.64234369879744e-07
112 202 -9.64234369953657e-07
112 22 -9.64234369830052e-07
112 113 -9.64234369830052e-07
112 21 -9.64234369879745e-07
112 204 -9.64234369830052e-07
112 111 -9.64234369953657e-07
112 20 -9.64234369953657e-07
113 113 7.71387495823762e-06
113 204 -9.64234369780359e-07
113 203 -9.64234369830052e-07
113 23 -9.64234369728914e-07
113 114 -9.64234369728914e-07
113 22 -9.64234369780359e-07
113 205 -9.64234369728914e-07
113 112 -9.64234369830052e-07
113 21 -9.64234369830052e-07
114 114 7.71387495732226e-06
114 205 -9.64234369677469e-07
114 204 -9.64234369728914e-07
114 24 -9.64234369593527e-07
114 115 -9.64234369593526e-07
114 23 -9.64234369677468e-07
114 206 -9.64234369593527e-07
114 113 -9.64234369728914e-07
114 22 -9.64234369728914e-07
115 115 7.71387495602950e-06
115 206 -9.64234369509585e-07
115 205 -9.64234369593527e-07
115 25 -9.64234369409917e-07
115 116 -9.64234369409916e-07
115 24 -9.64234369509586e-07
115 207 -9.64234369409917e-07
115 114 -9.64234369593526e-07
115 23 -9.64234369593527e-07
116 116 7.71387495520218e-06
116 207 -9.64234369310245e-07
116 206 -9.64234369409917e-07
116 26 -9.64234369450645e-07
116 117 -9.64234369450653e-07
116 25 -9.64234369310247e-07
116 208 -9.64234369450644e-07
116 115 -9.64234369409916e-07
116 24 -9.64234369409917e-07
117 117 7.71387496022788e-06
117 208 -9.64234369591040e-07
117 207 -9.64234369450644e-07
117 27 -9.64234370897957e-07
117 118 -9.64234370897947e-07
117 26 -9.64234369591041e-07
117 209 -9.64234370897957e-07
117 116 -9.64234369450653e-07
117 25 -9.64234369450645e-07
118 118 7.71387496383753e-06
118 209 -9.64234372204875e-07
118 208 -9.64234370897957e-07
118 28 -9.64234368911306e-07
118 119 -9.64234368911313e-07
118 27 -9.64234372204874e-07
118 210 -9.64234368911306e-07
118 117 -9.64234370897947e-07
118 26 -9.64234370897957e-07
119 119 7.71387490517593e-06
119 210 -9.64234365617736e-07
119 209 -9.64234368911306e-07
119 29 -9.64234355735512e-07
119 120 -9.64234355735510e-07
119 28 -9.64234365617737e-07
119 211 -9.64234355735512e-07
119 118 -9.64234368911313e-07
119 27 -9.64234368911306e-07
120 120 7.71387480870470e-06
120 211 -9.64234345853283e-07
120 210 -9.64234355735512e-07
120 30 -9.64234349930531e-07
120 121 -9.64234349930537e-07
120 29 -9.64234345853283e-07
120 212 -9.64234349930532e-07
120 119 -9.64234355735510e-07
120 28 -9.64234355735512e-07
121 121 7.71387482793559e-06
121 212 -9.64234354007779e-07
121 211 -9.64234349930531e-07
121 31 -9.64234356709480e-07
121 122 -9.64234356709470e-07
121 30 -9.64234354007779e-07
121 213 -9.64234356709480e-07
121 120 -9.64234349930537e-07
121 29 -9.64234349930531e-07
122 122 7.71387488777900e-06
122 213 -9.64234359411185e-07
122 212 -9.64234356709480e-07
122 32 -9.64234366276064e-07
122 123 -9.64234366276069e-07
122 31 -9.64234359411185e-07
122 214 -9.64234366276065e-07
122 121 -9.64234356709470e-07
122 30 -9.64234356709480e-07
123 123 7.71387498478751e-06
123 214 -9.64234373140950e-07
123 213 -9.64234366276064e-07
123 33 -9.64234379892474e-07
123 124 -9.64234379892463e-07
123 32 -9.64234373140950e-07
123 215 -9.64234379892474e-07
123 122 -9.64234366276069e-07
123 31 -9.64234366276064e-07
124 124 7.71387509626287e-06
124 215 -9.64234386644009e-07
124 214 -9.64234379892474e-07
124 34 -9.64234394432484e-07
124 125 -9.64234394432480e-07
124 33 -9.64234386644009e-07
124 216 -9.64234394432484e-07
124 123 -9.64234379892463e-07
124 32 -9.64234379892474e-07
125 125 7.71387521970930e-06
125 216 -9.64234402220958e-07
125 215 -9.64234394432484e-07
125 35 -9.64234410656640e-07
125 126 -9.64234410656659e-07
125 34 -9.64234402220958e-07
125 217 -9.64234410656639e-07
125 124 -9.64234394432480e-07
125 33 -9.64234394432484e-07
126 126 7.71387535266510e-06
126 217 -9.64234419092312e-07
126 216 -9.64234410656639e-07
126 36 -9.64234427503521e-07
126 127 -9.64234427503500e-07
126 35 -9.64234419092313e-07
126 218 -9.64234427503522e-07
126 125 -9.64234410656659e-07
126 34 -9.64234410656640e-07
127 127 7.71387548594328e-06
127 218 -9.64234435914739e-07
127 217 -9.64234427503521e-07
127 37 -9.64234443867752e-07
127 128 -9.64234443867756e-07
127 36 -9.64234435914738e-07
127 219 -9.64234443867752e-07
127 126 -9.64234427503500e-07
127 35 -9.64234427503521e-07
128 128 7.71387561468711e-06
128 219 -9.64234451820774e-07
128 218 -9.64234443867752e-07
128 38 -9.64234459814104e-07
128 129 -9.64234459814098e-07
128 37 -9.64234451820774e-07
128 220 -9.64234459814105e-07
128 127 -9.64234443867756e-07
128 36 -9.64234443867752e-07
129 129 7.71387574133850e-06
129 220 -9.64234467807432e-07
129 219 -9.64234459814104e-07
129 39 -9.64234475427106e-07
129 130 -9.64234475427116e-07
129 38 -9.64234467807432e-07
129 221 -9.64234475427106e-07
129 128 -9.64234459814098e-07
129 37 -9.64234459814104e-07
130 130 7.71387586218575e-06
130 221 -9.64234483046779e-07
130 220 -9.64234475427106e-07
130 40 -9.64234489936958e-07
130 131 -9.64234489936943e-07
130 39 -9.64234483046780e-07
130 222 -9.64234489936957e-07
130 129 -9.64234475427116e-07
130 38 -9.64234475427106e-07
131 131 7.71387597363202e-06
131 222 -9.64234496827134e-07
131 221 -9.64234489936957e-07
131 41 -9.64234503388959e-07
131 132 -9.64234503388977e-07
131 40 -9.64234496827136e-07
131 223 -9.64234503388958e-07
131 130 -9.64234489936943e-07
131 39 -9.64234489936958e-07
132 132 7.71387607854262e-06
132 223 -9.64234509950774e-07
132 222 -9.64234503388958e-07
132 42 -9.64234516158063e-07
132 133 -9.64234516158056e-07
132 41 -9.64234509950775e-07
132 224 -9.64234516158063e-07
132 131 -9.64234503388977e-07
132 40 -9.64234503388959e-07
133 133 7.71387617689751e-06
133 224 -9.64234522365344e-07
133 223 -9.64234516158062e-07
133 43 -9.64234527897543e-07
133 134 -9.64234527897553e-07
133 42 -9.64234522365345e-07
133 225 -9.64234527897543e-07
133 132 -9.64234516158056e-07
133 41 -9.64234516158063e-07
134 134 7.71387626607761e-06
134 225 -9.64234533429738e-07
134 224 -9.64234527897542e-07
134 44 -9.64234538508503e-07
134 135 -9.64234538508495e-07
134 43 -9.64234533429740e-07
134 226 -9.64234538508502e-07
134 133 -9.64234527897553e-07
134 42 -9.64234527897543e-07
135 135 7.71387634770849e-06
135 226 -9.64234543587264e-07
135 225 -9.64234538508502e-07
135 45 -9.64234548336151e-07
135 136 -9.64234548336159e-07
135 44 -9.64234543587265e-07
135 227 -9.64234548336151e-07
135 134 -9.64234538508495e-07
135 43 -9.64234538508503e-07
136 136 7.71387642311205e-06
136 227 -9.64234553085036e-07
136 226 -9.64234548336151e-07
136 46 -9.64234557311174e-07
136 137 -9.64234557311166e-07
136 45 -9.64234553085036e-07
136 228 -9.64234557311174e-07
136 135 -9.64234548336159e-07
136 44 -9.64234548336151e-07
137 137 7.71387649097202e-06
137 228 -9.64234561537310e-07
137 227 -9.64234557311174e-07
137 47 -9.64234565321295e-07
137 138 -9.64234565321303e-07
137 46 -9.64234561537310e-07
137 229 -9.64234565321295e-07
137 136 -9.64234557311166e-07
137 45 -9.64234557311174e-07
138 138 7.71387655186048e-06
138 229 -9.64234569105279e-07
138 228 -9.64234565321294e-07
138 48 -9.64234572562013e-07
138 139 -9.64234572562003e-07
138 47 -9.64234569105280e-07
138 230 -9.64234572562013e-07
138 137 -9.64234565321303e-07
138 46 -9.64234565321295e-07
139 139 7.71387660696655e-06
139 230 -9.64234576018747e-07
139 229 -9.64234572562013e-07
139 49 -9.64234579081007e-07
139 140 -9.64234579081014e-07
139 48 -9.64234576018748e-07
139 231 -9.64234579081007e-07
139 138 -9.64234572562003e-07
139 47 -9.64234572562013e-07
140 140 7.71387665607644e-06
140 231 -9.64234582143267e-07
140 230 -9.64234579081006e-07
140 50 -9.64234584848965e-07
140 141 -9.64234584848954e-07
140 49 -9.64234582143267e-07
140 232 -9.64234584848965e-07
140 139 -9.64234579081014e-07
140 48 -9.64234579081007e-07
141 141 7.71387669949844e-06
141 232 -9.64234587554673e-07
141 231 -9.64234584848965e-07
141 51 -9.64234589947407e-07
141 142 -9.64234589947394e-07
141 50 -9.64234587554674e-07
141 233 -9.64234589947406e-07
141 140 -9.64234584848954e-07
141 49 -9.64234584848965e-07
142 142 7.71387673773055e-06
142 233 -9.64234592340143e-07
142 232 -9.64234589947406e-07
142 52 -9.64234594402678e-07
142 143 -9.64234594402700e-07
142 51 -9.64234592340144e-07
142 234 -9.64234594402677e-07
142 141 -9.64234589947394e-07
142 50 -9.64234589947407e-07
143 143 7.71387677094914e-06
143 234 -9.64234596465197e-07
143 233 -9.64234594402676e-07
143 53 -9.64234598270235e-07
143 144 -9.64234598270225e-07
143 52 -9.64234596465198e-07
143 235 -9.64234598270234e-07
143 142 -9.64234594402700e-07
143 51 -9.64234594402678e-07
144 144 7.71387679978876e-06
144 235 -9.64234600075274e-07
144 234 -9.64234598270234e-07
144 54 -9.64234601609177e-07
144 145 -9.64234601609165e-07
144 53 -9.64234600075276e-07
144 236 -9.64234601609177e-07
144 143 -9.64234598270225e-07
144 52 -9.64234598270235e-07
145 145 7.71387682420574e-06
145 236 -9.64234603143093e-07
145 235 -9.64234601609176e-07
145 55 -9.64234604364012e-07
145 146 -9.64234604364015e-07
145 54 -9.64234603143093e-07
145 237 -9.64234604364011e-07
145 144 -9.64234601609165e-07
145 53 -9.64234601609177e-07
146 146 7.71387684330923e-06
146 237 -9.64234605584920e-07
146 236 -9.64234604364011e-07
146 56 -9.64234606349109e-07
146 147 -9.64234606349130e-07
146 55 -9.64234605584921e-07
146 238 -9.64234606349109e-07
146 145 -9.64234604364015e-07
146 54 -9.64234604364012e-07
147 147 7.71387669508670e-06
147 238 -9.64234607113280e-07
147 237 -9.64234606349109e-07
147 57 -9.64234553937602e-07
147 148 -9.64234553937590e-07
147 56 -9.64234607113280e-07
147 239 -9.64234553937602e-07
147 146 -9.64234606349130e-07
147 55 -9.64234606349109e-07
148 148 7.71384261753187e-06
148 239 -9.64234500761923e-07
148 238 -9.64234553937602e-07
148 58 -9.64223318065076e-07
148 149 -9.64223318065079e-07
148 57 -9.64234500761924e-07
148 240 -9.64223318065076e-07
148 147 -9.64234553937590e-07
148 56 -9.64234553937602e-07
149 149 7.70681498081758e-06
149 240 -9.64212135368228e-07
149 239 -9.64223318065076e-07
149 59 -9.61906918628629e-07
149 150 -9.61906918628634e-07
149 58 -9.64212135368228e-07
149 241 -9.61906918628630e-07
149 148 -9.64223318065079e-07
149 57 -9.64223318065076e-07
150 150 6.96750267105132e-06
150 241 -9.59601701889017e-07
150 240 -9.61906918628629e-07
150 60 -7.20859503795794e-07
150 151 -7.20859503795809e-07
150 59 -9.59601701889017e-07
150 242 -7.20859503795794e-07
150 149 -9.61906918628634e-07
150 58 -9.61906918628629e-07
151 151 3.85693844489705e-06
151 242 -4.82117305702553e-07
151 241 -7.20859503795794e-07
151 61 -2.43375107368181e-07
151 152 -2.43375107368182e-07
151 60 -4.82117305702553e-07
151 243 -2.43375107368181e-07
151 150 -7.20859503795809e-07
151 59 -7.20859503795794e-07
152 152 7.46374216099891e-07
152 243 -4.63290903380019e-09
152 242 -2.43375107368181e-07
152 62 -2.32769197591589e-09
152 153 -2.32769197591587e-09
152 61 -4.63290903380021e-09
152 244 -2.32769197591589e-09
152 151 -2.43375107368182e-07
152 60 -2.43375107368181e-07
153 153 7.06318449294946e-09
153 244 -2.24749180312655e-11
153 243 -2.32769197591589e-09
153 63 -1.17195763797589e-11
153 154 -1.17195763797587e-11
153 62 -2.24749180312657e-11
153 245 -1.17195763797589e-11
153 152 -2.32769197591587e-09
153 61 -2.32769197591589e-09
154 154 3.99799042475055e-11
154 245 -9.64234728261821e-13
154 244 -1.17195763797589e-11
154 64 -9.64235217235121e-13
154 155 -9.64235217235152e-13
154 63 -9.64234728261823e-13
154 246 -9.64235217235121e-13
154 153 -1.17195763797587e-11
154 62 -1.17195763797589e-11
155 155 7.71388626536730e-12
155 246 -9.64235706208461e-13
155 245 -9.64235217235120e-13
155 65 -9.64236400415000e-13
155 156 -9.64236400414984e-13
155 64 -9.64235706208462e-13
155 247 -9.64236400415000e-13
155 154 -9.64235217235152e-13
155 63 -9.64235217235121e-13
156 156 7.71389633482152e-12
156 247 -9.64237094621546e-13
156 246 -9.64236400414999e-13
156 66 -9.64237648111154e-13
156 157 -9.64237648111139e-13
156 65 -9.64237094621546e-13
156 248 -9.64237648111155e-13
156 155 -9.64236400414984e-13
156 64 -9.64236400415000e-13
157 157 7.71390518021670e-12
157 248 -9.64238201600778e-13
157 247 -9.64237648111154e-13
157 67 -9.64238610893894e-13
157 158 -9.64238610893909e-13
157 66 -9.64238201600779e-13
157 249 -9.64238610893894e-13
157 156 -9.64237648111139e-13
157 65 -9.64237648111154e-13
158 158 7.71391312340098e-12
158 249 -9.64239020187000e-13
158 248 -9.64238610893893e-13
158 68 -9.64239750115093e-13
158 159 -9.64239750115093e-13
158 67 -9.64239020187000e-13
158 250 -9.64239750115094e-13
158 157 -9.64238610893909e-13
158 66 -9.64238610893894e-13
159 159 7.71392356114914e-12
159 250 -9.64240480043170e-13
159 249 -9.64239750115093e-13
159 69 -9.64241116905835e-13
159 160 -9.64241116905849e-13
159 68 -9.64240480043170e-13
159 251 -9.64241116905834e-13
159 158 -9.64239750115093e-13
159 67 -9.64239750115093e-13
160 160 7.71393300440152e-12
160 251 -9.64241753768466e-13
160 250 -9.64241116905834e-13
160 70 -9.64242048715680e-13
160 161 -9.64242048715710e-13
160 69 -9.64241753768467e-13
160 252 -9.64242048715679e-13
160 159 -9.64241116905849e-13
160 68 -9.64241116905835e-13
161 161 7.71393993330315e-12
161 252 -9.64242343662860e-13
161 251 -9.64242048715679e-13
161 71 -9.64243033276793e-13
161 162 -9.64243033276777e-13
161 70 -9.64242343662861e-13
161 253 -9.64243033276793e-13
161 160 -9.64242048715710e-13
161 69 -9.64242048715680e-13
162 162 7.71395011011466e-12
162 253 -9.64243722890742e-13
162 252 -9.64243033276792e-13
162 72 -9.64244521500948e-13
162 163 -9.64244521500913e-13
162 71 -9.64243722890742e-13
162 254 -9.64244521500948e-13
162 161 -9.64243033276777e-13
162 70 -9.64243033276793e-13
163 163 7.71396081453149e-12
163 254 -9.64245320111181e-13
163 253 -9.64244521500948e-13
163 73 -9.64245536602096e-13
163 164 -9.64245536602126e-13
163 72 -9.64245320111181e-13
163 255 -9.64245536602096e-13
163 162 -9.64244521500913e-13
163 71 -9.64244521500948e-13
164 164 7.71396692086626e-12
164 255 -9.64245753092996e-13
164 254 -9.64245536602095e-13
164 74 -9.64246268291316e-13
164 165 -9.64246268291316e-13
164 73 -9.64245753092996e-13
164 256 -9.64246268291316e-13
164 163 -9.64245536602126e-13
164 72 -9.64245536602096e-13
165 165 7.71397564221200e-12
165 256 -9.64246783489614e-13
165 255 -9.64246268291316e-13
165 75 -9.64247756786270e-13
165 166 -9.64247756786281e-13
165 74 -9.64246783489615e-13
165 257 -9.64247756786270e-13
165 164 -9.64246268291316e-13
165 73 -9.64246268291316e-13
166 166 7.71398770786603e-12
166 257 -9.64248730082915e-13
166 256 -9.64247756786270e-13
166 76 -9.64248992447127e-13
166 167 -9.64248992447123e-13
166 75 -9.64248730082915e-13
166 258 -9.64248992447127e-13
166 165 -9.64247756786281e-13
166 74 -9.64247756786270e-13
167 167 7.71399390659108e-12
167 258 -9.64249254811313e-13
167 257 -9.64248992447127e-13
167 77 -9.64249473209010e-13
167 168 -9.64249473209057e-13
167 76 -9.64249254811314e-13
167 259 -9.64249473209010e-13
167 166 -9.64248992447123e-13
167 75 -9.64248992447127e-13
168 168 7.71399997368940e-12
168 259 -9.64249691606678e-13
168 258 -9.64249473209010e-13
168 78 -9.64250723616335e-13
168 169 -9.64250723616299e-13
168 77 -9.64249691606678e-13
168 260 -9.64250723616335e-13
168 167 -9.64249473209057e-13
168 76 -9.64249473209010e-13
169 169 7.71401234774123e-12
169 260 -9.64251755626005e-13
169 259 -9.64250723616335e-13
169 79 -9.64252221880085e-13
169 170 -9.64252221880080e-13
169 78 -9.64251755626005e-13
169 261 -9.64252221880085e-13
169 168 -9.64250723616299e-13
169 77 -9.64250723616335e-13
170 170 7.71401982506993e-12
170 261 -9.64252688134197e-13
170 260 -9.64252221880085e-13
170 80 -9.64252594387101e-13
170 171 -9.64252594387081e-13
170 79 -9.64252688134196e-13
170 262 -9.64252594387101e-13
170 169 -9.64252221880080e-13
170 78 -9.64252221880085e-13
171 171 7.71402285526328e-12
171 262 -9.64252500640013e-13
171 261 -9.64252594387101e-13
171 81 -9.64253356940648e-13
171 172 -9.64253356940675e-13
171 80 -9.64252500640014e-13
171 263 -9.64253356940648e-13
171 170 -9.64252594387081e-13
171 79 -9.64252594387101e-13
172 172 7.71403338127006e-12
172 263 -9.64254213241265e-13
172 262 -9.64253356940648e-13
172 82 -9.64254961321855e-13
172 173 -9.64254961321851e-13
172 81 -9.64254213241266e-13
172 264 -9.64254961321855e-13
172 171 -9.64253356940675e-13
172 80 -9.64253356940648e-13
173 173 7.71404264709041e-12
173 264 -9.64255709402436e-13
173 263 -9.64254961321855e-13
173 83 -9.64255448106658e-13
173 174 -9.64255448106655e-13
173 82 -9.64255709402437e-13
173 265 -9.64255448106658e-13
173 172 -9.64254961321851e-13
173 81 -9.64254961321855e-13
174 174 7.71404360186179e-12
174 265 -9.64255186810889e-13
174 264 -9.64255448106658e-13
174 84 -9.64255627973349e-13
174 175 -9.64255627973342e-13
174 83 -9.64255186810890e-13
174 266 -9.64255627973349e-13
174 173 -9.64255448106655e-13
174 82 -9.64255448106658e-13
175 175 7.71404994801069e-12
175 266 -9.64256069135796e-13
175 265 -9.64255627973349e-13
175 85 -9.64256975273006e-13
175 176 -9.64256975273049e-13
175 84 -9.64256069135796e-13
175 267 -9.64256975273006e-13
175 174 -9.64255627973342e-13
175 83 -9.64255627973349e-13
176 176 7.71405971611596e-12
176 267 -9.64257881410185e-13
176 266 -9.64256975273006e-13
176 86 -9.64257675825515e-13
176 177 -9.64257675825496e-13
176 85 -9.64257881410185e-13
176 268 -9.64257675825515e-13
176 175 -9.64256975273049e-13
176 84 -9.64256975273006e-13
177 177 7.71406047429325e-12
177 268 -9.64257470240846e-13
177 267 -9.64257675825515e-13
177 87 -9.64257502111678e-13
177 178 -9.64257502111670e-13
177 86 -9.64257470240847e-13
177 269 -9.64257502111678e-13
177 176 -9.64257675825496e-13
177 85 -9.64257675825515e-13
178 178 7.71406374813538e-12
178 269 -9.64257533982529e-13
178 268 -9.64257502111677e-13
178 88 -9.64258724611769e-13
178 179 -9.64258724611761e-13
178 87 -9.64257533982530e-13
178 270 -9.64258724611769e-13
178 177 -9.64257502111670e-13
178 86 -9.64257502111678e-13
179 179 7.71407545222103e-12
179 270 -9.64259915241004e-13
179 269 -9.64258724611768e-13
179 89 -9.64259815967898e-13
179 180 -9.64259815967925e-13
179 88 -9.64259915241005e-13
179 271 -9.64259815967898e-13
179 178 -9.64258724611761e-13
179 87 -9.64258724611769e-13
180 180 7.71407570062635e-12
180 271 -9.64259716694770e-13
180 270 -9.64259815967898e-13
180 90 -9.64258939777698e-13
180 181 -9.64258939777690e-13
180 89 -9.64259716694771e-13
180 272 -9.64258939777698e-13
180 179 -9.64259815967925e-13
180 88 -9.64259815967898e-13
181 181 3.85703498219371e-12
181 271 -9.64258939777698e-13
181 90 -4.82129081430311e-13
181 272 -4.82129081430311e-13
181 180 -9.64258939777690e-13
181 89 -9.64258939777698e-13
182 182 3.85693750266955e-06
182 273 -4.82117187838010e-07
182 92 -9.64234375664509e-07
182 183 -9.64234375664510e-07
182 274 -9.64234375664510e-07
182 91 -4.82117187838010e-07
183 183 7.71387500515570e-06
183 274 -9.64234375652998e-07
183 273 -9.64234375664510e-07
183 93 -9.64234375618725e-07
183 184 -9.64234375618725e-07
183 92 -9.64234375652998e-07
183 275 -9.64234375618725e-07
183 182 -9.64234375664510e-07
183 91 -9.64234375664510e-07
184 184 7.71387500460850e-06
184 275 -9.64234375584451e-07
184 274 -9.64234375618725e-07
184 94 -9.64234375527807e-07
184 185 -9.64234375527806e-07
184 93 -9.64234375584452e-07
184 276 -9.64234375527807e-07
184 183 -9.64234375618725e-07
184 92 -9.64234375618725e-07
185 185 7.71387500370368e-06
185 276 -9.64234375471162e-07
185 275 -9.64234375527807e-07
185 95 -9.64234375392645e-07
