0 363 0 363
0 0 4.44444444444444e-11
0 92 1.11111111111111e-11
0 91 2.22222222222222e-11
0 1 2.22222222222222e-11
1 1 8.88888888888889e-11
1 93 1.11111111111111e-11
1 2 2.22222222222222e-11
1 92 4.44444444444444e-11
1 91 1.11111111111111e-11
1 0 2.22222222222222e-11
2 2 8.88888888888889e-11
2 94 1.11111111111111e-11
2 3 2.22222222222222e-11
2 93 4.44444444444444e-11
2 92 1.11111111111111e-11
2 1 2.22222222222222e-11
3 3 8.88888888888889e-11
3 95 1.11111111111111e-11
3 4 2.22222222222222e-11
3 94 4.44444444444444e-11
3 93 1.11111111111111e-11
3 2 2.22222222222222e-11
4 4 8.88888888888889e-11
4 96 1.11111111111111e-11
4 5 2.22222222222222e-11
4 95 4.44444444444445e-11
4 94 1.11111111111111e-11
4 3 2.22222222222222e-11
5 5 8.88888888888889e-11
5 97 1.11111111111111e-11
5 6 2.22222222222222e-11
5 96 4.44444444444445e-11
5 95 1.11111111111111e-11
5 4 2.22222222222222e-11
6 6 8.88888888888888e-11
6 98 1.11111111111111e-11
6 7 2.22222222222222e-11
6 97 4.44444444444444e-11
6 96 1.11111111111111e-11
6 5 2.22222222222222e-11
7 7 8.88888888888888e-11
7 99 1.11111111111111e-11
7 8 2.22222222222222e-11
7 98 4.44444444444444e-11
7 97 1.11111111111111e-11
7 6 2.22222222222222e-11
8 8 8.88888888888889e-11
8 100 1.11111111111111e-11
8 9 2.22222222222222e-11
8 99 4.44444444444445e-11
8 98 1.11111111111111e-11
8 7 2.22222222222222e-11
9 9 8.88888888888890e-11
9 101 1.11111111111111e-11
9 10 2.22222222222222e-11
9 100 4.44444444444445e-11
9 99 1.11111111111111e-11
9 8 2.22222222222222e-11
10 10 8.88888888888889e-11
10 102 1.11111111111111e-11
10 11 2.22222222222222e-11
10 101 4.44444444444445e-11
10 100 1.11111111111111e-11
10 9 2.22222222222222e-11
11 11 8.88888888888889e-11
11 103 1.11111111111111e-11
11 12 2.22222222222222e-11
11 102 4.44444444444444e-11
11 101 1.11111111111111e-11
11 10 2.22222222222222e-11
12 12 8.88888888888888e-11
12 104 1.11111111111111e-11
12 13 2.22222222222222e-11
12 103 4.44444444444444e-11
12 102 1.11111111111111e-11
12 11 2.22222222222222e-11
13 13 8.88888888888888e-11
13 105 1.11111111111111e-11
13 14 2.22222222222222e-11
13 104 4.44444444444444e-11
13 103 1.11111111111111e-11
13 12 2.22222222222222e-11
14 14 8.88888888888889e-11
14 106 1.11111111111111e-11
14 15 2.22222222222222e-11
14 105 4.44444444444445e-11
14 104 1.11111111111111e-11
14 13 2.22222222222222e-11
15 15 8.88888888888889e-11
15 107 1.11111111111111e-11
15 16 2.22222222222222e-11
15 106 4.44444444444445e-11
15 105 1.11111111111111e-11
15 14 2.22222222222222e-11
16 16 8.88888888888890e-11
16 108 1.11111111111111e-11
16 17 2.22222222222223e-11
16 107 4.44444444444445e-11
16 106 1.11111111111111e-11
16 15 2.22222222222222e-11
17 17 8.88888888888890e-11
17 109 1.11111111111111e-11
17 18 2.22222222222222e-11
17 108 4.44444444444445e-11
17 107 1.11111111111111e-11
17 16 2.22222222222223e-11
18 18 8.88888888888890e-11
18 110 1.11111111111111e-11
18 19 2.22222222222223e-11
18 109 4.44444444444445e-11
18 108 1.11111111111111e-11
18 17 2.22222222222222e-11
19 19 8.88888888888890e-11
19 111 1.11111111111111e-11
19 20 2.22222222222222e-11
19 110 4.44444444444445e-11
19 109 1.11111111111111e-11
19 18 2.22222222222223e-11
20 20 8.88888888888889e-11
20 112 1.11111111111111e-11
20 21 2.22222222222222e-11
20 111 4.44444444444444e-11
20 110 1.11111111111111e-11
20 19 2.22222222222222e-11
21 21 8.88888888888889e-11
21 113 1.11111111111111e-11
21 22 2.22222222222222e-11
21 112 4.44444444444444e-11
21 111 1.11111111111111e-11
21 20 2.22222222222222e-11
22 22 8.88888888888889e-11
22 114 1.11111111111111e-11
22 23 2.22222222222222e-11
22 113 4.44444444444444e-11
22 112 1.11111111111111e-11
22 21 2.22222222222222e-11
23 23 8.88888888888889e-11
23 115 1.11111111111111e-11
23 24 2.22222222222222e-11
23 114 4.44444444444445e-11
23 113 1.11111111111111e-11
23 22 2.22222222222222e-11
24 24 8.88888888888889e-11
24 116 1.11111111111111e-11
24 25 2.22222222222222e-11
24 115 4.44444444444445e-11
24 114 1.11111111111111e-11
24 23 2.22222222222222e-11
25 25 8.88888888888887e-11
25 117 1.11111111111111e-11
25 26 2.22222222222222e-11
25 116 4.44444444444444e-11
25 115 1.11111111111111e-11
25 24 2.22222222222222e-11
26 26 8.88888888888889e-11
26 118 1.11111111111111e-11
26 27 2.22222222222223e-11
26 117 4.44444444444445e-11
26 116 1.11111111111111e-11
26 25 2.22222222222222e-11
27 27 8.88888888888889e-11
27 119 1.11111111111111e-11
27 28 2.22222222222222e-11
27 118 4.44444444444445e-11
27 117 1.11111111111111e-11
27 26 2.22222222222223e-11
28 28 8.88888888888887e-11
28 120 1.11111111111111e-11
28 29 2.22222222222222e-11
28 119 4.44444444444444e-11
28 118 1.11111111111111e-11
28 27 2.22222222222222e-11
29 29 8.88888888888887e-11
29 121 1.11111111111111e-11
29 30 2.22222222222222e-11
29 120 4.44444444444444e-11
29 119 1.11111111111111e-11
29 28 2.22222222222222e-11
30 30 8.88888888888889e-11
30 122 1.11111111111111e-11
30 31 2.22222222222223e-11
30 121 4.44444444444445e-11
30 120 1.11111111111111e-11
30 29 2.22222222222222e-11
31 31 8.88888888888889e-11
31 123 1.11111111111111e-11
31 32 2.22222222222222e-11
31 122 4.44444444444445e-11
31 121 1.11111111111111e-11
31 30 2.22222222222223e-11
32 32 8.88888888888889e-11
32 124 1.11111111111112e-11
32 33 2.22222222222223e-11
32 123 4.44444444444445e-11
32 122 1.11111111111111e-11
32 31 2.22222222222222e-11
33 33 8.88888888888891e-11
33 125 1.11111111111111e-11
33 34 2.22222222222223e-11
33 124 4.44444444444446e-11
33 123 1.11111111111112e-11
33 32 2.22222222222223e-11
34 34 8.88888888888886e-11
34 126 1.11111111111110e-11
34 35 2.22222222222220e-11
34 125 4.44444444444443e-11
34 124 1.11111111111111e-11
34 33 2.22222222222223e-11
35 35 8.88888888888889e-11
35 127 1.11111111111112e-11
35 36 2.22222222222224e-11
35 126 4.44444444444445e-11
35 125 1.11111111111110e-11
35 34 2.22222222222220e-11
36 36 8.88888888888893e-11
36 128 1.11111111111111e-11
36 37 2.22222222222223e-11
36 127 4.44444444444446e-11
36 126 1.11111111111112e-11
36 35 2.22222222222224e-11
37 37 8.88888888888891e-11
37 129 1.11111111111111e-11
37 38 2.22222222222223e-11
37 128 4.44444444444445e-11
37 127 1.11111111111111e-11
37 36 2.22222222222223e-11
38 38 8.88888888888888e-11
38 130 1.11111111111111e-11
38 39 2.22222222222222e-11
38 129 4.44444444444444e-11
38 128 1.11111111111111e-11
38 37 2.22222222222223e-11
39 39 8.88888888888891e-11
39 131 1.11111111111112e-11
39 40 2.22222222222224e-11
39 130 4.44444444444445e-11
39 129 1.11111111111111e-11
39 38 2.22222222222222e-11
40 40 8.88888888888889e-11
40 132 1.11111111111110e-11
40 41 2.22222222222220e-11
40 131 4.44444444444444e-11
40 130 1.11111111111112e-11
40 39 2.22222222222224e-11
41 41 8.88888888888886e-11
41 133 1.11111111111111e-11
41 42 2.22222222222223e-11
41 132 4.44444444444444e-11
41 131 1.11111111111110e-11
41 40 2.22222222222220e-11
42 42 8.88888888888889e-11
42 134 1.11111111111111e-11
42 43 2.22222222222222e-11
42 133 4.44444444444444e-11
42 132 1.11111111111111e-11
42 41 2.22222222222223e-11
43 43 8.88888888888888e-11
43 135 1.11111111111111e-11
43 44 2.22222222222223e-11
43 134 4.44444444444444e-11
43 133 1.11111111111111e-11
43 42 2.22222222222222e-11
44 44 8.88888888888886e-11
44 136 1.11111111111110e-11
44 45 2.22222222222220e-11
44 135 4.44444444444443e-11
44 134 1.11111111111111e-11
44 43 2.22222222222223e-11
45 45 8.88888888888868e-11
45 137 1.11111111111105e-11
45 46 2.22222222222209e-11
45 136 4.44444444444434e-11
45 135 1.11111111111110e-11
45 44 2.22222222222220e-11
46 46 8.88888888888716e-11
46 138 1.11111111111055e-11
46 47 2.22222222222109e-11
46 137 4.44444444444358e-11
46 136 1.11111111111105e-11
46 45 2.22222222222209e-11
47 47 8.88888888887428e-11
47 139 1.11111111110638e-11
47 48 2.22222222221276e-11
47 138 4.44444444443714e-11
47 137 1.11111111111055e-11
47 46 2.22222222222109e-11
48 48 8.88888888876557e-11
48 140 1.11111111107112e-11
48 49 2.22222222214225e-11
48 139 4.44444444438279e-11
48 138 1.11111111110638e-11
48 47 2.22222222221276e-11
49 49 8.88888888784773e-11
49 141 1.11111111077352e-11
49 50 2.22222222154704e-11
49 140 4.44444444392387e-11
49 139 1.11111111107112e-11
49 48 2.22222222214225e-11
50 50 8.88888888009845e-11
50 142 1.11111110826084e-11
50 51 2.22222221652168e-11
50 141 4.44444444004923e-11
50 140 1.11111111077352e-11
50 49 2.22222222154704e-11
51 51 8.88888881467130e-11
51 143 1.11111108704633e-11
51 52 2.22222217409266e-11
51 142 4.44444440733565e-11
51 141 1.11111110826084e-11
51 50 2.22222221652168e-11
52 52 8.88888826227280e-11
52 144 1.11111090793320e-11
52 53 2.22222181586639e-11
52 143 4.44444413113640e-11
52 142 1.11111108704633e-11
52 51 2.22222217409266e-11
53 53 8.88888359840066e-11
53 145 1.11110939569123e-11
53 54 2.22221879138245e-11
53 144 4.44444179920033e-11
53 143 1.11111090793320e-11
53 52 2.22222181586639e-11
54 54 8.88884422206846e-11
54 146 1.11109662815400e-11
54 55 2.22219325630800e-11
54 145 4.44442211103423e-11
54 144 1.11110939569123e-11
54 53 2.22221879138245e-11
55 55 8.88851180969700e-11
55 147 1.11098885126749e-11
55 56 2.22197770253498e-11
55 146 4.44425590484850e-11
55 145 1.11109662815400e-11
55 54 2.22219325630800e-11
56 56 8.88570815044223e-11
56 148 1.11008024431065e-11
56 57 2.22016048862130e-11
56 147 4.44285407522112e-11
56 146 1.11098885126749e-11
56 55 2.22197770253498e-11
57 57 8.86224004755738e-11
57 149 1.10250378186843e-11
57 58 2.20500756373685e-11
57 148 4.43112002377869e-11
57 147 1.11008024431065e-11
57 56 2.22016048862130e-11
58 58 8.67715098593775e-11
58 150 1.04459258122635e-11
58 59 2.08918516245269e-11
58 149 4.33857549296888e-11
58 148 1.10250378186843e-11
58 57 2.20500756373685e-11
59 59 7.61196870558645e-11
59 151 7.74500576535596e-12
59 60 1.54900115307119e-11
59 150 3.80598435279323e-11
59 149 1.04459258122635e-11
59 58 2.08918516245269e-11
60 60 4.44444444444442e-11
60 152 3.36610534575509e-12
60 61 6.73221069151018e-12
60 151 2.22222222222221e-11
60 150 7.74500576535596e-12
60 59 1.54900115307119e-11
61 61 1.27692018330240e-11
61 153 6.65185298847616e-13
61 62 1.33037059769523e-12
61 152 6.38460091651200e-12
61 151 3.36610534575509e-12
61 60 6.73221069151018e-12
62 62 2.11737902951120e-12
62 154 8.60732924268166e-14
62 63 1.72146584853633e-13
62 153 1.05868951475560e-12
62 152 6.65185298847616e-13
62 61 1.33037059769523e-12
63 63 2.66488413315094e-13
63 155 1.03086680046338e-14
63 64 2.06173360092677e-14
63 154 1.33244206657547e-13
63 153 8.60732924268166e-14
63 62 1.72146584853633e-13
64 64 3.18073844663805e-14
64 156 1.22259843611744e-15
64 65 2.44519687223487e-15
64 155 1.59036922331902e-14
64 154 1.03086680046338e-14
64 63 2.06173360092677e-14
65 65 3.77079191842515e-15
65 157 1.44829571064382e-16
65 66 2.89659142128764e-16
65 156 1.88539595921258e-15
65 155 1.22259843611744e-15
65 64 2.44519687223487e-15
66 66 4.54146083806810e-16
66 158 2.08931386122489e-17
66 67 4.17862772244978e-17
66 157 2.27073041903405e-16
66 156 1.44829571064382e-16
66 65 2.89659142128764e-16
67 67 1.08452943891164e-16
67 159 1.11111111111111e-17
67 68 2.22222222222223e-17
67 158 5.42264719455822e-17
67 157 2.08931386122489e-17
67 66 4.17862772244978e-17
68 68 8.88888888888886e-17
68 160 1.11111111111110e-17
68 69 2.22222222222220e-17
68 159 4.44444444444443e-17
68 158 1.11111111111111e-17
68 67 2.22222222222223e-17
69 69 8.88888888888882e-17
69 161 1.11111111111110e-17
69 70 2.22222222222220e-17
69 160 4.44444444444441e-17
69 159 1.11111111111110e-17
69 68 2.22222222222220e-17
70 70 8.88888888888886e-17
70 162 1.11111111111112e-17
70 71 2.22222222222223e-17
70 161 4.44444444444443e-17
70 160 1.11111111111110e-17
70 69 2.22222222222220e-17
71 71 8.88888888888896e-17
71 163 1.11111111111112e-17
71 72 2.22222222222225e-17
71 162 4.44444444444448e-17
71 161 1.11111111111112e-17
71 70 2.22222222222223e-17
72 72 8.88888888888891e-17
72 164 1.11111111111110e-17
72 73 2.22222222222220e-17
72 163 4.44444444444445e-17
72 162 1.11111111111112e-17
72 71 2.22222222222225e-17
73 73 8.88888888888886e-17
73 165 1.11111111111111e-17
73 74 2.22222222222223e-17
73 164 4.44444444444442e-17
73 163 1.11111111111110e-17
73 72 2.22222222222220e-17
74 74 8.88888888888887e-17
74 166 1.11111111111111e-17
74 75 2.22222222222220e-17
74 165 4.44444444444443e-17
74 164 1.11111111111111e-17
74 73 2.22222222222223e-17
75 75 8.88888888888887e-17
75 167 1.11111111111111e-17
75 76 2.22222222222223e-17
75 166 4.44444444444444e-17
75 165 1.11111111111111e-17
75 74 2.22222222222220e-17
76 76 8.88888888888882e-17
76 168 1.11111111111109e-17
76 77 2.22222222222218e-17
76 167 4.44444444444441e-17
76 166 1.11111111111111e-17
76 75 2.22222222222223e-17
77 77 8.88888888888887e-17
77 169 1.11111111111112e-17
77 78 2.22222222222225e-17
77 168 4.44444444444444e-17
77 167 1.11111111111109e-17
77 76 2.22222222222218e-17
78 78 8.88888888888896e-17
78 170 1.11111111111111e-17
78 79 2.22222222222223e-17
78 169 4.44444444444447e-17
78 168 1.11111111111112e-17
78 77 2.22222222222225e-17
79 79 8.88888888888896e-17
79 171 1.11111111111112e-17
79 80 2.22222222222225e-17
79 170 4.44444444444446e-17
79 169 1.11111111111111e-17
79 78 2.22222222222223e-17
80 80 8.88888888888891e-17
80 172 1.11111111111110e-17
80 81 2.22222222222220e-17
80 171 4.44444444444444e-17
80 170 1.11111111111112e-17
80 79 2.22222222222225e-17
81 81 8.88888888888886e-17
81 173 1.11111111111111e-17
81 82 2.22222222222223e-17
81 172 4.44444444444443e-17
81 171 1.11111111111110e-17
81 80 2.22222222222220e-17
82 82 8.88888888888891e-17
82 174 1.11111111111111e-17
82 83 2.22222222222223e-17
82 173 4.44444444444445e-17
82 172 1.11111111111111e-17
82 81 2.22222222222223e-17
83 83 8.88888888888891e-17
83 175 1.11111111111111e-17
83 84 2.22222222222223e-17
83 174 4.44444444444445e-17
83 173 1.11111111111111e-17
83 82 2.22222222222223e-17
84 84 8.88888888888882e-17
84 176 1.11111111111109e-17
84 85 2.22222222222218e-17
84 175 4.44444444444442e-17
84 174 1.11111111111111e-17
84 83 2.22222222222223e-17
85 85 8.88888888888886e-17
85 177 1.11111111111112e-17
85 86 2.22222222222225e-17
85 176 4.44444444444443e-17
85 175 1.11111111111109e-17
85 84 2.22222222222218e-17
86 86 8.88888888888896e-17
86 178 1.11111111111111e-17
86 87 2.22222222222223e-17
86 177 4.44444444444446e-17
86 176 1.11111111111112e-17
86 85 2.22222222222225e-17
87 87 8.88888888888891e-17
87 179 1.11111111111111e-17
87 88 2.22222222222223e-17
87 178 4.44444444444446e-17
87 177 1.11111111111111e-17
87 86 2.22222222222223e-17
88 88 8.88888888888887e-17
88 180 1.11111111111110e-17
88 89 2.22222222222220e-17
88 179 4.44444444444443e-17
88 178 1.11111111111111e-17
88 87 2.22222222222223e-17
89 89 8.88888888888886e-17
89 181 1.11111111111111e-17
89 90 2.22222222222223e-17
89 180 4.44444444444443e-17
89 179 1.11111111111110e-17
89 88 2.22222222222220e-17
90 90 4.44444444444446e-17
90 181 2.22222222222223e-17
90 180 1.11111111111111e-17
90 89 2.22222222222223e-17
91 91 8.88888888888889e-11
91 182 2.22222222222222e-11
91 1 1.11111111111111e-11
91 92 4.44444444444444e-11
91 183 1.11111111111111e-11
91 0 2.22222222222222e-11
92 92 1.77777777777778e-10
92 183 4.44444444444445e-11
92 182 1.11111111111111e-11
92 2 1.11111111111111e-11
92 93 4.44444444444445e-11
92 1 4.44444444444444e-11
92 184 1.11111111111111e-11
92 91 4.44444444444444e-11
92 0 1.11111111111111e-11
93 93 1.77777777777778e-10
93 184 4.44444444444445e-11
93 183 1.11111111111111e-11
93 3 1.11111111111111e-11
93 94 4.44444444444445e-11
93 2 4.44444444444444e-11
93 185 1.11111111111111e-11
93 92 4.44444444444445e-11
93 1 1.11111111111111e-11
94 94 1.77777777777778e-10
94 185 4.44444444444445e-11
94 184 1.11111111111111e-11
94 4 1.11111111111111e-11
94 95 4.44444444444444e-11
94 3 4.44444444444444e-11
94 186 1.11111111111111e-11
94 93 4.44444444444445e-11
94 2 1.11111111111111e-11
95 95 1.77777777777778e-10
95 186 4.44444444444445e-11
95 185 1.11111111111111e-11
95 5 1.11111111111111e-11
95 96 4.44444444444445e-11
95 4 4.44444444444445e-11
95 187 1.11111111111111e-11
95 94 4.44444444444444e-11
95 3 1.11111111111111e-11
96 96 1.77777777777778e-10
96 187 4.44444444444445e-11
96 186 1.11111111111111e-11
96 6 1.11111111111111e-11
96 97 4.44444444444445e-11
96 5 4.44444444444445e-11
96 188 1.11111111111111e-11
96 95 4.44444444444445e-11
96 4 1.11111111111111e-11
97 97 1.77777777777778e-10
97 188 4.44444444444444e-11
97 187 1.11111111111111e-11
97 7 1.11111111111111e-11
97 98 4.44444444444444e-11
97 6 4.44444444444444e-11
97 189 1.11111111111111e-11
97 96 4.44444444444445e-11
97 5 1.11111111111111e-11
98 98 1.77777777777778e-10
98 189 4.44444444444444e-11
98 188 1.11111111111111e-11
98 8 1.11111111111111e-11
98 99 4.44444444444445e-11
98 7 4.44444444444444e-11
98 190 1.11111111111111e-11
98 97 4.44444444444444e-11
98 6 1.11111111111111e-11
99 99 1.77777777777778e-10
99 190 4.44444444444445e-11
99 189 1.11111111111111e-11
99 9 1.11111111111111e-11
99 100 4.44444444444445e-11
99 8 4.44444444444445e-11
99 191 1.11111111111111e-11
99 98 4.44444444444445e-11
99 7 1.11111111111111e-11
100 100 1.77777777777778e-10
100 191 4.44444444444445e-11
100 190 1.11111111111111e-11
100 10 1.11111111111111e-11
100 101 4.44444444444445e-11
100 9 4.44444444444445e-11
100 192 1.11111111111111e-11
100 99 4.44444444444445e-11
100 8 1.11111111111111e-11
101 101 1.77777777777778e-10
101 192 4.44444444444445e-11
101 191 1.11111111111111e-11
101 11 1.11111111111111e-11
101 102 4.44444444444444e-11
101 10 4.44444444444445e-11
101 193 1.11111111111111e-11
101 100 4.44444444444445e-11
101 9 1.11111111111111e-11
102 102 1.77777777777778e-10
102 193 4.44444444444445e-11
102 192 1.11111111111111e-11
102 12 1.11111111111111e-11
102 103 4.44444444444445e-11
102 11 4.44444444444444e-11
102 194 1.11111111111111e-11
102 101 4.44444444444444e-11
102 10 1.11111111111111e-11
103 103 1.77777777777778e-10
103 194 4.44444444444444e-11
103 193 1.11111111111111e-11
103 13 1.11111111111111e-11
103 104 4.44444444444444e-11
103 12 4.44444444444444e-11
103 195 1.11111111111111e-11
103 102 4.44444444444445e-11
103 11 1.11111111111111e-11
104 104 1.77777777777778e-10
104 195 4.44444444444444e-11
104 194 1.11111111111111e-11
104 14 1.11111111111111e-11
104 105 4.44444444444445e-11
104 13 4.44444444444444e-11
104 196 1.11111111111111e-11
104 103 4.44444444444444e-11
104 12 1.11111111111111e-11
105 105 1.77777777777778e-10
105 196 4.44444444444445e-11
105 195 1.11111111111111e-11
105 15 1.11111111111111e-11
105 106 4.44444444444445e-11
105 14 4.44444444444445e-11
105 197 1.11111111111111e-11
105 104 4.44444444444445e-11
105 13 1.11111111111111e-11
106 106 1.77777777777778e-10
106 197 4.44444444444445e-11
106 196 1.11111111111111e-11
106 16 1.11111111111111e-11
106 107 4.44444444444445e-11
106 15 4.44444444444445e-11
106 198 1.11111111111111e-11
106 105 4.44444444444445e-11
106 14 1.11111111111111e-11
107 107 1.77777777777778e-10
107 198 4.44444444444445e-11
107 197 1.11111111111111e-11
107 17 1.11111111111111e-11
107 108 4.44444444444445e-11
107 16 4.44444444444445e-11
107 199 1.11111111111111e-11
107 106 4.44444444444445e-11
107 15 1.11111111111111e-11
108 108 1.77777777777778e-10
108 199 4.44444444444445e-11
108 198 1.11111111111111e-11
108 18 1.11111111111111e-11
108 109 4.44444444444444e-11
108 17 4.44444444444445e-11
108 200 1.11111111111111e-11
108 107 4.44444444444445e-11
108 16 1.11111111111111e-11
109 109 1.77777777777778e-10
109 200 4.44444444444445e-11
109 199 1.11111111111111e-11
109 19 1.11111111111111e-11
109 110 4.44444444444445e-11
109 18 4.44444444444445e-11
109 201 1.11111111111111e-11
109 108 4.44444444444444e-11
109 17 1.11111111111111e-11
110 110 1.77777777777778e-10
110 201 4.44444444444445e-11
110 200 1.11111111111111e-11
110 20 1.11111111111111e-11
110 111 4.44444444444444e-11
110 19 4.44444444444445e-11
110 202 1.11111111111111e-11
110 109 4.44444444444445e-11
110 18 1.11111111111111e-11
111 111 1.77777777777778e-10
111 202 4.44444444444444e-11
111 201 1.11111111111111e-11
111 21 1.11111111111111e-11
111 112 4.44444444444444e-11
111 20 4.44444444444444e-11
111 203 1.11111111111111e-11
111 110 4.44444444444444e-11
111 19 1.11111111111111e-11
112 112 1.77777777777778e-10
112 203 4.44444444444445e-11
112 202 1.11111111111111e-11
112 22 1.11111111111111e-11
112 113 4.44444444444444e-11
112 21 4.44444444444444e-11
112 204 1.11111111111111e-11
112 111 4.44444444444444e-11
112 20 1.11111111111111e-11
113 113 1.77777777777778e-10
113 204 4.44444444444445e-11
113 203 1.11111111111111e-11
113 23 1.11111111111111e-11
113 114 4.44444444444444e-11
113 22 4.44444444444444e-11
113 205 1.11111111111111e-11
113 112 4.44444444444444e-11
113 21 1.11111111111111e-11
114 114 1.77777777777778e-10
114 205 4.44444444444445e-11
114 204 1.11111111111111e-11
114 24 1.11111111111111e-11
114 115 4.44444444444445e-11
114 23 4.44444444444445e-11
114 206 1.11111111111111e-11
114 113 4.44444444444444e-11
114 22 1.11111111111111e-11
115 115 1.77777777777778e-10
115 206 4.44444444444445e-11
115 205 1.11111111111111e-11
115 25 1.11111111111111e-11
115 116 4.44444444444445e-11
115 24 4.44444444444445e-11
115 207 1.11111111111111e-11
115 114 4.44444444444445e-11
115 23 1.11111111111111e-11
116 116 1.77777777777778e-10
116 207 4.44444444444444e-11
116 206 1.11111111111111e-11
116 26 1.11111111111111e-11
116 117 4.44444444444443e-11
116 25 4.44444444444444e-11
116 208 1.11111111111111e-11
116 115 4.44444444444445e-11
116 24 1.11111111111111e-11
117 117 1.77777777777778e-10
117 208 4.44444444444445e-11
117 207 1.11111111111111e-11
117 27 1.11111111111111e-11
117 118 4.44444444444446e-11
117 26 4.44444444444445e-11
117 209 1.11111111111111e-11
117 116 4.44444444444443e-11
117 25 1.11111111111111e-11
118 118 1.77777777777778e-10
118 209 4.44444444444445e-11
118 208 1.11111111111111e-11
118 28 1.11111111111111e-11
118 119 4.44444444444443e-11
118 27 4.44444444444445e-11
118 210 1.11111111111111e-11
118 117 4.44444444444446e-11
118 26 1.11111111111111e-11
119 119 1.77777777777778e-10
119 210 4.44444444444444e-11
119 209 1.11111111111111e-11
119 29 1.11111111111111e-11
119 120 4.44444444444445e-11
119 28 4.44444444444444e-11
119 211 1.11111111111111e-11
119 118 4.44444444444443e-11
119 27 1.11111111111111e-11
120 120 1.77777777777778e-10
120 211 4.44444444444444e-11
120 210 1.11111111111111e-11
120 30 1.11111111111111e-11
120 121 4.44444444444443e-11
120 29 4.44444444444444e-11
120 212 1.11111111111111e-11
120 119 4.44444444444445e-11
120 28 1.11111111111111e-11
121 121 1.77777777777778e-10
121 212 4.44444444444445e-11
121 211 1.11111111111111e-11
121 31 1.11111111111111e-11
121 122 4.44444444444446e-11
121 30 4.44444444444445e-11
121 213 1.11111111111111e-11
121 120 4.44444444444443e-11
121 29 1.11111111111111e-11
122 122 1.77777777777778e-10
122 213 4.44444444444445e-11
122 212 1.11111111111111e-11
122 32 1.11111111111111e-11
122 123 4.44444444444444e-11
122 31 4.44444444444445e-11
122 214 1.11111111111111e-11
122 121 4.44444444444446e-11
122 30 1.11111111111111e-11
123 123 1.77777777777778e-10
123 214 4.44444444444445e-11
123 213 1.11111111111111e-11
123 33 1.11111111111112e-11
123 124 4.44444444444446e-11
123 32 4.44444444444445e-11
123 215 1.11111111111112e-11
123 122 4.44444444444444e-11
123 31 1.11111111111111e-11
124 124 1.77777777777778e-10
124 215 4.44444444444446e-11
124 214 1.11111111111112e-11
124 34 1.11111111111111e-11
124 125 4.44444444444445e-11
124 33 4.44444444444446e-11
124 216 1.11111111111111e-11
124 123 4.44444444444446e-11
124 32 1.11111111111112e-11
125 125 1.77777777777777e-10
125 216 4.44444444444443e-11
125 215 1.11111111111111e-11
125 35 1.11111111111110e-11
125 126 4.44444444444441e-11
125 34 4.44444444444443e-11
125 217 1.11111111111110e-11
125 124 4.44444444444445e-11
125 33 1.11111111111111e-11
126 126 1.77777777777778e-10
126 217 4.44444444444445e-11
126 216 1.11111111111110e-11
126 36 1.11111111111112e-11
126 127 4.44444444444448e-11
126 35 4.44444444444445e-11
126 218 1.11111111111112e-11
126 125 4.44444444444441e-11
126 34 1.11111111111110e-11
127 127 1.77777777777778e-10
127 218 4.44444444444446e-11
127 217 1.11111111111112e-11
127 37 1.11111111111111e-11
127 128 4.44444444444444e-11
127 36 4.44444444444446e-11
127 219 1.11111111111111e-11
127 126 4.44444444444448e-11
127 35 1.11111111111112e-11
128 128 1.77777777777778e-10
128 219 4.44444444444445e-11
128 218 1.11111111111111e-11
128 38 1.11111111111111e-11
128 129 4.44444444444445e-11
128 37 4.44444444444445e-11
128 220 1.11111111111111e-11
128 127 4.44444444444444e-11
128 36 1.11111111111111e-11
129 129 1.77777777777778e-10
129 220 4.44444444444444e-11
129 219 1.11111111111111e-11
129 39 1.11111111111111e-11
129 130 4.44444444444443e-11
129 38 4.44444444444444e-11
129 221 1.11111111111111e-11
129 128 4.44444444444445e-11
129 37 1.11111111111111e-11
130 130 1.77777777777778e-10
130 221 4.44444444444445e-11
130 220 1.11111111111111e-11
130 40 1.11111111111112e-11
130 131 4.44444444444447e-11
130 39 4.44444444444445e-11
130 222 1.11111111111112e-11
130 129 4.44444444444443e-11
130 38 1.11111111111111e-11
131 131 1.77777777777778e-10
131 222 4.44444444444444e-11
131 221 1.11111111111112e-11
131 41 1.11111111111110e-11
131 132 4.44444444444442e-11
131 40 4.44444444444444e-11
131 223 1.11111111111110e-11
131 130 4.44444444444447e-11
131 39 1.11111111111112e-11
132 132 1.77777777777777e-10
132 223 4.44444444444444e-11
132 222 1.11111111111110e-11
132 42 1.11111111111111e-11
132 133 4.44444444444446e-11
132 41 4.44444444444444e-11
132 224 1.11111111111111e-11
132 131 4.44444444444442e-11
132 40 1.11111111111110e-11
133 133 1.77777777777778e-10
133 224 4.44444444444444e-11
133 223 1.11111111111111e-11
133 43 1.11111111111111e-11
133 134 4.44444444444443e-11
133 42 4.44444444444444e-11
133 225 1.11111111111111e-11
133 132 4.44444444444446e-11
133 41 1.11111111111111e-11
134 134 1.77777777777778e-10
134 225 4.44444444444444e-11
134 224 1.11111111111111e-11
134 44 1.11111111111111e-11
134 135 4.44444444444445e-11
134 43 4.44444444444444e-11
134 226 1.11111111111111e-11
134 133 4.44444444444443e-11
134 42 1.11111111111111e-11
135 135 1.77777777777777e-10
135 226 4.44444444444443e-11
135 225 1.11111111111111e-11
135 45 1.11111111111110e-11
135 136 4.44444444444440e-11
135 44 4.44444444444443e-11
135 227 1.11111111111110e-11
135 134 4.44444444444445e-11
135 43 1.11111111111111e-11
136 136 1.77777777777774e-10
136 227 4.44444444444434e-11
136 226 1.11111111111110e-11
136 46 1.11111111111105e-11
136 137 4.44444444444419e-11
136 45 4.44444444444434e-11
136 228 1.11111111111105e-11
136 135 4.44444444444440e-11
136 44 1.11111111111110e-11
137 137 1.77777777777743e-10
137 228 4.44444444444358e-11
137 227 1.11111111111105e-11
137 47 1.11111111111055e-11
137 138 4.44444444444219e-11
137 46 4.44444444444358e-11
137 229 1.11111111111055e-11
137 136 4.44444444444419e-11
137 45 1.11111111111105e-11
138 138 1.77777777777486e-10
138 229 4.44444444443714e-11
138 228 1.11111111111055e-11
138 48 1.11111111110638e-11
138 139 4.44444444442552e-11
138 47 4.44444444443714e-11
138 230 1.11111111110638e-11
138 137 4.44444444444219e-11
138 46 1.11111111111055e-11
139 139 1.77777777775311e-10
139 230 4.44444444438279e-11
139 229 1.11111111110638e-11
139 49 1.11111111107112e-11
139 140 4.44444444428449e-11
139 48 4.44444444438279e-11
139 231 1.11111111107112e-11
139 138 4.44444444442552e-11
139 47 1.11111111110638e-11
140 140 1.77777777756955e-10
140 231 4.44444444392387e-11
140 230 1.11111111107112e-11
140 50 1.11111111077352e-11
140 141 4.44444444309409e-11
140 49 4.44444444392387e-11
140 232 1.11111111077352e-11
140 139 4.44444444428449e-11
140 48 1.11111111107112e-11
141 141 1.77777777601969e-10
141 232 4.44444444004923e-11
141 231 1.11111111077352e-11
141 51 1.11111110826084e-11
141 142 4.44444443304336e-11
141 50 4.44444444004923e-11
141 233 1.11111110826084e-11
141 140 4.44444444309409e-11
141 49 1.11111111077352e-11
142 142 1.77777776293426e-10
142 233 4.44444440733565e-11
142 232 1.11111110826084e-11
142 52 1.11111108704633e-11
142 143 4.44444434818533e-11
142 51 4.44444440733565e-11
142 234 1.11111108704633e-11
142 141 4.44444443304336e-11
142 50 1.11111110826084e-11
143 143 1.77777765245456e-10
143 234 4.44444413113640e-11
143 233 1.11111108704633e-11
143 53 1.11111090793320e-11
143 144 4.44444363173279e-11
143 52 4.44444413113640e-11
143 235 1.11111090793320e-11
143 142 4.44444434818533e-11
143 51 1.11111108704633e-11
144 144 1.77777671968013e-10
144 235 4.44444179920033e-11
144 234 1.11111090793320e-11
144 54 1.11110939569123e-11
144 145 4.44443758276491e-11
144 53 4.44444179920033e-11
144 236 1.11110939569123e-11
144 143 4.44444363173279e-11
144 52 1.11111090793320e-11
145 145 1.77776884441369e-10
145 236 4.44442211103423e-11
145 235 1.11110939569123e-11
145 55 1.11109662815400e-11
145 146 4.44438651261601e-11
145 54 4.44442211103423e-11
145 237 1.11109662815400e-11
145 144 4.44443758276491e-11
145 53 1.11110939569123e-11
146 146 1.77770236193940e-10
146 237 4.44425590484851e-11
146 236 1.11109662815400e-11
146 56 1.11098885126749e-11
146 147 4.44395540506996e-11
146 55 4.44425590484850e-11
146 238 1.11098885126749e-11
146 145 4.44438651261601e-11
146 54 1.11109662815400e-11
147 147 1.77714163008845e-10
147 238 4.44285407522112e-11
147 237 1.11098885126749e-11
147 57 1.11008024431065e-11
147 148 4.44032097724261e-11
147 56 4.44285407522112e-11
147 239 1.11008024431065e-11
147 146 4.44395540506996e-11
147 55 1.11098885126749e-11
148 148 1.77244800951148e-10
148 239 4.43112002377870e-11
148 238 1.11008024431065e-11
148 58 1.10250378186843e-11
148 149 4.41001512747371e-11
148 57 4.43112002377869e-11
148 240 1.10250378186843e-11
148 147 4.44032097724261e-11
148 56 1.11008024431065e-11
149 149 1.73543019718755e-10
149 240 4.33857549296888e-11
149 239 1.10250378186843e-11
149 59 1.04459258122635e-11
149 150 4.17837032490539e-11
149 58 4.33857549296888e-11
149 241 1.04459258122635e-11
149 148 4.41001512747371e-11
149 57 1.10250378186843e-11
150 150 1.52239374111729e-10
150 241 3.80598435279323e-11
150 240 1.04459258122635e-11
150 60 7.74500576535596e-12
150 151 3.09800230614238e-11
150 59 3.80598435279323e-11
150 242 7.74500576535596e-12
150 149 4.17837032490539e-11
150 58 1.04459258122635e-11
151 151 8.88888888888885e-11
151 242 2.22222222222221e-11
151 241 7.74500576535596e-12
151 61 3.36610534575509e-12
151 152 1.34644213830204e-11
151 60 2.22222222222221e-11
151 243 3.36610534575510e-12
151 150 3.09800230614238e-11
151 59 7.74500576535596e-12
152 152 2.55384036660480e-11
152 243 6.38460091651200e-12
152 242 3.36610534575510e-12
152 62 6.65185298847616e-13
152 153 2.66074119539047e-12
152 61 6.38460091651200e-12
152 244 6.65185298847616e-13
152 151 1.34644213830204e-11
152 60 3.36610534575509e-12
153 153 4.23475805902241e-12
153 244 1.05868951475560e-12
153 243 6.65185298847616e-13
153 63 8.60732924268166e-14
153 154 3.44293169707267e-13
153 62 1.05868951475560e-12
153 245 8.60732924268167e-14
153 152 2.66074119539047e-12
153 61 6.65185298847616e-13
154 154 5.32976826630189e-13
154 245 1.33244206657547e-13
154 244 8.60732924268167e-14
154 64 1.03086680046338e-14
154 155 4.12346720185353e-14
154 63 1.33244206657547e-13
154 246 1.03086680046338e-14
154 153 3.44293169707267e-13
154 62 8.60732924268166e-14
155 155 6.36147689327609e-14
155 246 1.59036922331902e-14
155 245 1.03086680046338e-14
155 65 1.22259843611744e-15
155 156 4.89039374446976e-15
155 64 1.59036922331902e-14
155 247 1.22259843611744e-15
155 154 4.12346720185353e-14
155 63 1.03086680046338e-14
156 156 7.54158383685031e-15
156 247 1.88539595921258e-15
156 246 1.22259843611744e-15
156 66 1.44829571064382e-16
156 157 5.79318284257530e-16
156 65 1.88539595921258e-15
156 248 1.44829571064382e-16
156 155 4.89039374446976e-15
156 64 1.22259843611744e-15
157 157 9.08292167613621e-16
157 248 2.27073041903405e-16
157 247 1.44829571064382e-16
157 67 2.08931386122489e-17
157 158 8.35725544489958e-17
157 66 2.27073041903405e-16
157 249 2.08931386122489e-17
157 156 5.79318284257530e-16
157 65 1.44829571064382e-16
158 158 2.16905887782329e-16
158 249 5.42264719455822e-17
158 248 2.08931386122489e-17
158 68 1.11111111111111e-17
158 159 4.44444444444444e-17
158 67 5.42264719455822e-17
158 250 1.11111111111111e-17
158 157 8.35725544489958e-17
158 66 2.08931386122489e-17
159 159 1.77777777777777e-16
159 250 4.44444444444443e-17
159 249 1.11111111111111e-17
159 69 1.11111111111110e-17
159 160 4.44444444444442e-17
159 68 4.44444444444443e-17
159 251 1.11111111111111e-17
159 158 4.44444444444444e-17
159 67 1.11111111111111e-17
160 160 1.77777777777776e-16
160 251 4.44444444444441e-17
160 250 1.11111111111111e-17
160 70 1.11111111111110e-17
160 161 4.44444444444440e-17
160 69 4.44444444444441e-17
160 252 1.11111111111110e-17
160 159 4.44444444444442e-17
160 68 1.11111111111110e-17
161 161 1.77777777777777e-16
161 252 4.44444444444443e-17
161 251 1.11111111111110e-17
161 71 1.11111111111112e-17
161 162 4.44444444444447e-17
161 70 4.44444444444443e-17
161 253 1.11111111111112e-17
161 160 4.44444444444440e-17
161 69 1.11111111111110e-17
162 162 1.77777777777779e-16
162 253 4.44444444444448e-17
162 252 1.11111111111112e-17
162 72 1.11111111111112e-17
162 163 4.44444444444450e-17
162 71 4.44444444444448e-17
162 254 1.11111111111112e-17
162 161 4.44444444444447e-17
162 70 1.11111111111112e-17
163 163 1.77777777777778e-16
163 254 4.44444444444445e-17
163 253 1.11111111111112e-17
163 73 1.11111111111110e-17
163 164 4.44444444444440e-17
163 72 4.44444444444445e-17
163 255 1.11111111111110e-17
163 162 4.44444444444450e-17
163 71 1.11111111111112e-17
164 164 1.77777777777777e-16
164 255 4.44444444444442e-17
164 254 1.11111111111110e-17
164 74 1.11111111111111e-17
164 165 4.44444444444444e-17
164 73 4.44444444444442e-17
164 256 1.11111111111111e-17
164 163 4.44444444444440e-17
164 72 1.11111111111110e-17
165 165 1.77777777777777e-16
165 256 4.44444444444444e-17
165 255 1.11111111111111e-17
165 75 1.11111111111111e-17
165 166 4.44444444444443e-17
165 74 4.44444444444443e-17
165 257 1.11111111111111e-17
165 164 4.44444444444444e-17
165 73 1.11111111111111e-17
166 166 1.77777777777778e-16
166 257 4.44444444444444e-17
166 256 1.11111111111111e-17
166 76 1.11111111111111e-17
166 167 4.44444444444445e-17
166 75 4.44444444444444e-17
166 258 1.11111111111111e-17
166 165 4.44444444444443e-17
166 74 1.11111111111111e-17
167 167 1.77777777777776e-16
167 258 4.44444444444441e-17
167 257 1.11111111111111e-17
167 77 1.11111111111109e-17
167 168 4.44444444444437e-17
167 76 4.44444444444441e-17
167 259 1.11111111111109e-17
167 166 4.44444444444445e-17
167 75 1.11111111111111e-17
168 168 1.77777777777777e-16
168 259 4.44444444444444e-17
168 258 1.11111111111109e-17
168 78 1.11111111111112e-17
168 169 4.44444444444450e-17
168 77 4.44444444444444e-17
168 260 1.11111111111112e-17
168 167 4.44444444444437e-17
168 76 1.11111111111109e-17
169 169 1.77777777777779e-16
169 260 4.44444444444447e-17
169 259 1.11111111111112e-17
169 79 1.11111111111111e-17
169 170 4.44444444444445e-17
169 78 4.44444444444447e-17
169 261 1.11111111111111e-17
169 168 4.44444444444450e-17
169 77 1.11111111111112e-17
170 170 1.77777777777779e-16
170 261 4.44444444444446e-17
170 260 1.11111111111111e-17
170 80 1.11111111111112e-17
170 171 4.44444444444447e-17
170 79 4.44444444444446e-17
170 262 1.11111111111112e-17
170 169 4.44444444444445e-17
170 78 1.11111111111111e-17
171 171 1.77777777777778e-16
171 262 4.44444444444444e-17
171 261 1.11111111111112e-17
171 81 1.11111111111110e-17
171 172 4.44444444444440e-17
171 80 4.44444444444444e-17
171 263 1.11111111111110e-17
171 170 4.44444444444447e-17
171 79 1.11111111111112e-17
172 172 1.77777777777777e-16
172 263 4.44444444444443e-17
172 262 1.11111111111110e-17
172 82 1.11111111111111e-17
172 173 4.44444444444445e-17
172 81 4.44444444444443e-17
172 264 1.11111111111111e-17
172 171 4.44444444444440e-17
172 80 1.11111111111110e-17
173 173 1.77777777777778e-16
173 264 4.44444444444445e-17
173 263 1.11111111111111e-17
173 83 1.11111111111111e-17
173 174 4.44444444444445e-17
173 82 4.44444444444445e-17
173 265 1.11111111111111e-17
173 172 4.44444444444445e-17
173 81 1.11111111111111e-17
174 174 1.77777777777778e-16
174 265 4.44444444444445e-17
174 264 1.11111111111111e-17
174 84 1.11111111111111e-17
174 175 4.44444444444446e-17
174 83 4.44444444444445e-17
174 266 1.11111111111111e-17
174 173 4.44444444444445e-17
174 82 1.11111111111111e-17
175 175 1.77777777777777e-16
175 266 4.44444444444442e-17
175 265 1.11111111111111e-17
175 85 1.11111111111109e-17
175 176 4.44444444444438e-17
175 84 4.44444444444442e-17
175 267 1.11111111111109e-17
175 174 4.44444444444446e-17
175 83 1.11111111111111e-17
176 176 1.77777777777777e-16
176 267 4.44444444444443e-17
176 266 1.11111111111109e-17
176 86 1.11111111111112e-17
176 177 4.44444444444447e-17
176 85 4.44444444444443e-17
176 268 1.11111111111112e-17
176 175 4.44444444444438e-17
176 84 1.11111111111109e-17
177 177 1.77777777777779e-16
177 268 4.44444444444447e-17
177 267 1.11111111111112e-17
177 87 1.11111111111111e-17
177 178 4.44444444444446e-17
177 86 4.44444444444446e-17
177 269 1.11111111111111e-17
177 176 4.44444444444447e-17
177 85 1.11111111111112e-17
178 178 1.77777777777778e-16
178 269 4.44444444444446e-17
178 268 1.11111111111111e-17
178 88 1.11111111111111e-17
178 179 4.44444444444446e-17
178 87 4.44444444444446e-17
178 270 1.11111111111111e-17
178 177 4.44444444444446e-17
178 86 1.11111111111111e-17
179 179 1.77777777777777e-16
179 270 4.44444444444443e-17
179 269 1.11111111111111e-17
179 89 1.11111111111110e-17
179 180 4.44444444444440e-17
179 88 4.44444444444443e-17
179 271 1.11111111111110e-17
179 178 4.44444444444446e-17
179 87 1.11111111111111e-17
180 180 1.77777777777777e-16
180 271 4.44444444444443e-17
180 270 1.11111111111110e-17
180 90 1.11111111111111e-17
180 181 4.44444444444446e-17
180 89 4.44444444444443e-17
180 272 1.11111111111111e-17
180 179 4.44444444444440e-17
180 88 1.11111111111110e-17
181 181 8.88888888888891e-17
181 271 1.11111111111111e-17
181 90 2.22222222222223e-17
181 272 2.22222222222223e-17
181 180 4.44444444444446e-17
181 89 1.11111111111111e-17
182 182 8.88888888888889e-11
182 273 2.22222222222222e-11
182 92 1.11111111111111e-11
182 183 4.44444444444445e-11
182 274 1.11111111111111e-11
182 91 2.22222222222222e-11
183 183 1.77777777777778e-10
183 274 4.44444444444445e-11
183 273 1.11111111111111e-11
183 93 1.11111111111111e-11
183 184 4.44444444444445e-11
183 92 4.44444444444445e-11
183 275 1.11111111111111e-11
183 182 4.44444444444445e-11
183 91 1.11111111111111e-11
184 184 1.77777777777778e-10
184 275 4.44444444444445e-11
184 274 1.11111111111111e-11
184 94 1.11111111111111e-11
184 185 4.44444444444445e-11
184 93 4.44444444444445e-11
184 276 1.11111111111111e-11
184 183 4.44444444444445e-11
184 92 1.11111111111111e-11
185 185 1.77777777777778e-10
185 276 4.44444444444445e-11
185 275 1.11111111111111e-11
185 95 1.11111111111111e-11
185 186 4.44444444444445e-11
185 94 4.44444444444445e-11
185 277 1.11111111111111e-11
185 184 4.44444444444445e-11
185 93 1.11111111111111e-11
186 186 1.77777777777778e-10
186 277 4.44444444444445e-11
186 276 1.11111111111111e-11
186 96 1.11111111111111e-11
186 187 4.44444444444445e-11
186 95 4.44444444444445e-11
186 278 1.11111111111111e-11
186 185 4.44444444444445e-11
186 94 1.11111111111111e-11
187 187 1.77777777777778e-10
187 278 4.44444444444445e-11
187 277 1.11111111111111e-11
187 97 1.11111111111111e-11
187 188 4.44444444444445e-11
187 96 4.44444444444445e-11
187 279 1.11111111111111e-11
187 186 4.44444444444445e-11
187 95 1.11111111111111e-11
188 188 1.77777777777778e-10
188 279 4.44444444444444e-11
188 278 1.11111111111111e-11
188 98 1.11111111111111e-11
188 189 4.44444444444444e-11
188 97 4.44444444444444e-11
188 280 1.11111111111111e-11
188 187 4.44444444444445e-11
188 96 1.11111111111111e-11
189 189 1.77777777777778e-10
189 280 4.44444444444444e-11
189 279 1.11111111111111e-11
189 99 1.11111111111111e-11
189 190 4.44444444444445e-11
189 98 4.44444444444444e-11
189 281 1.11111111111111e-11
189 188 4.44444444444444e-11
189 97 1.11111111111111e-11
190 190 1.77777777777778e-10
