0 363 0 363
0 0 4.44444444444444e-17
0 92 1.11111111111111e-17
0 91 2.22222222222222e-17
0 1 2.22222222222222e-17
1 1 8.88888888888889e-17
1 93 1.11111111111111e-17
1 2 2.22222222222222e-17
1 92 4.44444444444444e-17
1 91 1.11111111111111e-17
1 0 2.22222222222222e-17
2 2 8.88888888888889e-17
2 94 1.11111111111111e-17
2 3 2.22222222222222e-17
2 93 4.44444444444445e-17
2 92 1.11111111111111e-17
2 1 2.22222222222222e-17
3 3 8.88888888888889e-17
3 95 1.11111111111111e-17
3 4 2.22222222222222e-17
3 94 4.44444444444445e-17
3 93 1.11111111111111e-17
3 2 2.22222222222222e-17
4 4 8.88888888888889e-17
4 96 1.11111111111111e-17
4 5 2.22222222222222e-17
4 95 4.44444444444445e-17
4 94 1.11111111111111e-17
4 3 2.22222222222222e-17
5 5 8.88888888888889e-17
5 97 1.11111111111111e-17
5 6 2.22222222222222e-17
5 96 4.44444444444445e-17
5 95 1.11111111111111e-17
5 4 2.22222222222222e-17
6 6 8.88888888888889e-17
6 98 1.11111111111111e-17
6 7 2.22222222222222e-17
6 97 4.44444444444444e-17
6 96 1.11111111111111e-17
6 5 2.22222222222222e-17
7 7 8.88888888888889e-17
7 99 1.11111111111111e-17
7 8 2.22222222222222e-17
7 98 4.44444444444444e-17
7 97 1.11111111111111e-17
7 6 2.22222222222222e-17
8 8 8.88888888888889e-17
8 100 1.11111111111111e-17
8 9 2.22222222222222e-17
8 99 4.44444444444445e-17
8 98 1.11111111111111e-17
8 7 2.22222222222222e-17
9 9 8.88888888888890e-17
9 101 1.11111111111111e-17
9 10 2.22222222222222e-17
9 100 4.44444444444445e-17
9 99 1.11111111111111e-17
9 8 2.22222222222222e-17
10 10 8.88888888888890e-17
10 102 1.11111111111111e-17
10 11 2.22222222222222e-17
10 101 4.44444444444445e-17
10 100 1.11111111111111e-17
10 9 2.22222222222222e-17
11 11 8.88888888888889e-17
11 103 1.11111111111111e-17
11 12 2.22222222222222e-17
11 102 4.44444444444444e-17
11 101 1.11111111111111e-17
11 10 2.22222222222222e-17
12 12 8.88888888888888e-17
12 104 1.11111111111111e-17
12 13 2.22222222222222e-17
12 103 4.44444444444444e-17
12 102 1.11111111111111e-17
12 11 2.22222222222222e-17
13 13 8.88888888888888e-17
13 105 1.11111111111111e-17
13 14 2.22222222222222e-17
13 104 4.44444444444444e-17
13 103 1.11111111111111e-17
13 12 2.22222222222222e-17
14 14 8.88888888888889e-17
14 106 1.11111111111111e-17
14 15 2.22222222222222e-17
14 105 4.44444444444445e-17
14 104 1.11111111111111e-17
14 13 2.22222222222222e-17
15 15 8.88888888888889e-17
15 107 1.11111111111111e-17
15 16 2.22222222222222e-17
15 106 4.44444444444445e-17
15 105 1.11111111111111e-17
15 14 2.22222222222222e-17
16 16 8.88888888888890e-17
16 108 1.11111111111111e-17
16 17 2.22222222222223e-17
16 107 4.44444444444445e-17
16 106 1.11111111111111e-17
16 15 2.22222222222222e-17
17 17 8.88888888888890e-17
17 109 1.11111111111111e-17
17 18 2.22222222222222e-17
17 108 4.44444444444445e-17
17 107 1.11111111111111e-17
17 16 2.22222222222223e-17
18 18 8.88888888888890e-17
18 110 1.11111111111111e-17
18 19 2.22222222222223e-17
18 109 4.44444444444445e-17
18 108 1.11111111111111e-17
18 17 2.22222222222222e-17
19 19 8.88888888888890e-17
19 111 1.11111111111111e-17
19 20 2.22222222222222e-17
19 110 4.44444444444445e-17
19 109 1.11111111111111e-17
19 18 2.22222222222223e-17
20 20 8.88888888888889e-17
20 112 1.11111111111111e-17
20 21 2.22222222222222e-17
20 111 4.44444444444444e-17
20 110 1.11111111111111e-17
20 19 2.22222222222222e-17
21 21 8.88888888888889e-17
21 113 1.11111111111111e-17
21 22 2.22222222222222e-17
21 112 4.44444444444444e-17
21 111 1.11111111111111e-17
21 20 2.22222222222222e-17
22 22 8.88888888888889e-17
22 114 1.11111111111111e-17
22 23 2.22222222222222e-17
22 113 4.44444444444444e-17
22 112 1.11111111111111e-17
22 21 2.22222222222222e-17
23 23 8.88888888888889e-17
23 115 1.11111111111111e-17
23 24 2.22222222222222e-17
23 114 4.44444444444444e-17
23 113 1.11111111111111e-17
23 22 2.22222222222222e-17
24 24 8.88888888888889e-17
24 116 1.11111111111111e-17
24 25 2.22222222222222e-17
24 115 4.44444444444445e-17
24 114 1.11111111111111e-17
24 23 2.22222222222222e-17
25 25 8.88888888888888e-17
25 117 1.11111111111111e-17
25 26 2.22222222222222e-17
25 116 4.44444444444444e-17
25 115 1.11111111111111e-17
25 24 2.22222222222222e-17
26 26 8.88888888888889e-17
26 118 1.11111111111111e-17
26 27 2.22222222222223e-17
26 117 4.44444444444445e-17
26 116 1.11111111111111e-17
26 25 2.22222222222222e-17
27 27 8.88888888888889e-17
27 119 1.11111111111111e-17
27 28 2.22222222222222e-17
27 118 4.44444444444445e-17
27 117 1.11111111111111e-17
27 26 2.22222222222223e-17
28 28 8.88888888888888e-17
28 120 1.11111111111111e-17
28 29 2.22222222222222e-17
28 119 4.44444444444444e-17
28 118 1.11111111111111e-17
28 27 2.22222222222222e-17
29 29 8.88888888888888e-17
29 121 1.11111111111111e-17
29 30 2.22222222222222e-17
29 120 4.44444444444444e-17
29 119 1.11111111111111e-17
29 28 2.22222222222222e-17
30 30 8.88888888888889e-17
30 122 1.11111111111111e-17
30 31 2.22222222222223e-17
30 121 4.44444444444445e-17
30 120 1.11111111111111e-17
30 29 2.22222222222222e-17
31 31 8.88888888888889e-17
31 123 1.11111111111111e-17
31 32 2.22222222222222e-17
31 122 4.44444444444445e-17
31 121 1.11111111111111e-17
31 30 2.22222222222223e-17
32 32 8.88888888888889e-17
32 124 1.11111111111112e-17
32 33 2.22222222222223e-17
32 123 4.44444444444445e-17
32 122 1.11111111111111e-17
32 31 2.22222222222222e-17
33 33 8.88888888888891e-17
33 125 1.11111111111111e-17
33 34 2.22222222222223e-17
33 124 4.44444444444446e-17
33 123 1.11111111111112e-17
33 32 2.22222222222223e-17
34 34 8.88888888888887e-17
34 126 1.11111111111110e-17
34 35 2.22222222222220e-17
34 125 4.44444444444443e-17
34 124 1.11111111111111e-17
34 33 2.22222222222223e-17
35 35 8.88888888888889e-17
35 127 1.11111111111112e-17
35 36 2.22222222222224e-17
35 126 4.44444444444445e-17
35 125 1.11111111111110e-17
35 34 2.22222222222220e-17
36 36 8.88888888888893e-17
36 128 1.11111111111111e-17
36 37 2.22222222222223e-17
36 127 4.44444444444446e-17
36 126 1.11111111111112e-17
36 35 2.22222222222224e-17
37 37 8.88888888888891e-17
37 129 1.11111111111111e-17
37 38 2.22222222222223e-17
37 128 4.44444444444445e-17
37 127 1.11111111111111e-17
37 36 2.22222222222223e-17
38 38 8.88888888888889e-17
38 130 1.11111111111111e-17
38 39 2.22222222222222e-17
38 129 4.44444444444444e-17
38 128 1.11111111111111e-17
38 37 2.22222222222223e-17
39 39 8.88888888888891e-17
39 131 1.11111111111112e-17
39 40 2.22222222222224e-17
39 130 4.44444444444445e-17
39 129 1.11111111111111e-17
39 38 2.22222222222222e-17
40 40 8.88888888888889e-17
40 132 1.11111111111110e-17
40 41 2.22222222222220e-17
40 131 4.44444444444444e-17
40 130 1.11111111111112e-17
40 39 2.22222222222224e-17
41 41 8.88888888888887e-17
41 133 1.11111111111111e-17
41 42 2.22222222222223e-17
41 132 4.44444444444444e-17
41 131 1.11111111111110e-17
41 40 2.22222222222220e-17
42 42 8.88888888888889e-17
42 134 1.11111111111111e-17
42 43 2.22222222222222e-17
42 133 4.44444444444444e-17
42 132 1.11111111111111e-17
42 41 2.22222222222223e-17
43 43 8.88888888888889e-17
43 135 1.11111111111111e-17
43 44 2.22222222222223e-17
43 134 4.44444444444444e-17
43 133 1.11111111111111e-17
43 42 2.22222222222222e-17
44 44 8.88888888888889e-17
44 136 1.11111111111111e-17
44 45 2.22222222222222e-17
44 135 4.44444444444444e-17
44 134 1.11111111111111e-17
44 43 2.22222222222223e-17
45 45 8.88888888888889e-17
45 137 1.11111111111111e-17
45 46 2.22222222222223e-17
45 136 4.44444444444444e-17
45 135 1.11111111111111e-17
45 44 2.22222222222222e-17
46 46 8.88888888888889e-17
46 138 1.11111111111111e-17
46 47 2.22222222222222e-17
46 137 4.44444444444444e-17
46 136 1.11111111111111e-17
46 45 2.22222222222223e-17
47 47 8.88888888888889e-17
47 139 1.11111111111111e-17
47 48 2.22222222222223e-17
47 138 4.44444444444445e-17
47 137 1.11111111111111e-17
47 46 2.22222222222222e-17
48 48 8.88888888888889e-17
48 140 1.11111111111111e-17
48 49 2.22222222222222e-17
48 139 4.44444444444445e-17
48 138 1.11111111111111e-17
48 47 2.22222222222223e-17
49 49 8.88888888888889e-17
49 141 1.11111111111111e-17
49 50 2.22222222222223e-17
49 140 4.44444444444445e-17
49 139 1.11111111111111e-17
49 48 2.22222222222222e-17
50 50 8.88888888888891e-17
50 142 1.11111111111112e-17
50 51 2.22222222222223e-17
50 141 4.44444444444446e-17
50 140 1.11111111111111e-17
50 49 2.22222222222223e-17
51 51 8.88888888888887e-17
51 143 1.11111111111110e-17
51 52 2.22222222222220e-17
51 142 4.44444444444443e-17
51 141 1.11111111111112e-17
51 50 2.22222222222223e-17
52 52 8.88888888888886e-17
52 144 1.11111111111111e-17
52 53 2.22222222222223e-17
52 143 4.44444444444443e-17
52 142 1.11111111111110e-17
52 51 2.22222222222220e-17
53 53 1.08452943891165e-16
53 145 2.08931386122491e-17
53 54 4.17862772244982e-17
53 144 5.42264719455826e-17
53 143 1.11111111111111e-17
53 52 2.22222222222223e-17
54 54 4.54146083806809e-16
54 146 1.44829571064381e-16
54 55 2.89659142128762e-16
54 145 2.27073041903405e-16
54 144 2.08931386122491e-17
54 53 4.17862772244982e-17
55 55 3.77079191842511e-15
55 147 1.22259843611742e-15
55 56 2.44519687223485e-15
55 146 1.88539595921255e-15
55 145 1.44829571064381e-16
55 54 2.89659142128762e-16
56 56 3.18073844663813e-14
56 148 1.03086680046343e-14
56 57 2.06173360092685e-14
56 147 1.59036922331907e-14
56 146 1.22259843611742e-15
56 55 2.44519687223485e-15
57 57 2.66488413315096e-13
57 149 8.60732924268161e-14
57 58 1.72146584853632e-13
57 148 1.33244206657548e-13
57 147 1.03086680046343e-14
57 56 2.06173360092685e-14
58 58 2.11737902951119e-12
58 150 6.65185298847612e-13
58 59 1.33037059769522e-12
58 149 1.05868951475559e-12
58 148 8.60732924268161e-14
58 57 1.72146584853632e-13
59 59 1.27692018330239e-11
59 151 3.36610534575508e-12
59 60 6.73221069151014e-12
59 150 6.38460091651197e-12
59 149 6.65185298847612e-13
59 58 1.33037059769522e-12
60 60 4.44444444444442e-11
60 152 7.74500576535600e-12
60 61 1.54900115307120e-11
60 151 2.22222222222221e-11
60 150 3.36610534575508e-12
60 59 6.73221069151014e-12
61 61 7.61196870558649e-11
61 153 1.04459258122635e-11
61 62 2.08918516245271e-11
61 152 3.80598435279325e-11
61 151 7.74500576535600e-12
61 60 1.54900115307120e-11
62 62 8.67715098593779e-11
62 154 1.10250378186844e-11
62 63 2.20500756373687e-11
62 153 4.33857549296891e-11
62 152 1.04459258122635e-11
62 61 2.08918516245271e-11
63 63 8.86224004755735e-11
63 155 1.11008024431064e-11
63 64 2.22016048862128e-11
63 154 4.43112002377868e-11
63 153 1.10250378186844e-11
63 62 2.20500756373687e-11
64 64 8.88570815044223e-11
64 156 1.11098885126751e-11
64 65 2.22197770253501e-11
64 155 4.44285407522111e-11
64 154 1.11008024431064e-11
64 63 2.22016048862128e-11
65 65 8.88851180969707e-11
65 157 1.11109662815401e-11
65 66 2.22219325630802e-11
65 156 4.44425590484855e-11
65 155 1.11098885126751e-11
65 64 2.22197770253501e-11
66 66 8.88884422206844e-11
66 158 1.11110939569122e-11
66 67 2.22221879138243e-11
66 157 4.44442211103423e-11
66 156 1.11109662815401e-11
66 65 2.22219325630802e-11
67 67 8.88888359840061e-11
67 159 1.11111090793319e-11
67 68 2.22222181586639e-11
67 158 4.44444179920030e-11
67 157 1.11110939569122e-11
67 66 2.22221879138243e-11
68 68 8.88888826227280e-11
68 160 1.11111108704633e-11
68 69 2.22222217409266e-11
68 159 4.44444413113640e-11
68 158 1.11111090793319e-11
68 67 2.22222181586639e-11
69 69 8.88888881467125e-11
69 161 1.11111110826082e-11
69 70 2.22222221652165e-11
69 160 4.44444440733562e-11
69 159 1.11111108704633e-11
69 68 2.22222217409266e-11
70 70 8.88888888009840e-11
70 162 1.11111111077352e-11
70 71 2.22222222154705e-11
70 161 4.44444444004920e-11
70 160 1.11111110826082e-11
70 69 2.22222221652165e-11
71 71 8.88888888784780e-11
71 163 1.11111111107114e-11
71 72 2.22222222214228e-11
71 162 4.44444444392390e-11
71 161 1.11111111077352e-11
71 70 2.22222222154705e-11
72 72 8.88888888876559e-11
72 164 1.11111111110636e-11
72 73 2.22222222221273e-11
72 163 4.44444444438279e-11
72 162 1.11111111107114e-11
72 71 2.22222222214228e-11
73 73 8.88888888887425e-11
73 165 1.11111111111055e-11
73 74 2.22222222222111e-11
73 164 4.44444444443712e-11
73 163 1.11111111110636e-11
73 72 2.22222222221273e-11
74 74 8.88888888888713e-11
74 166 1.11111111111104e-11
74 75 2.22222222222207e-11
74 165 4.44444444444357e-11
74 164 1.11111111111055e-11
74 73 2.22222222222111e-11
75 75 8.88888888888866e-11
75 167 1.11111111111110e-11
75 76 2.22222222222221e-11
75 166 4.44444444444434e-11
75 165 1.11111111111104e-11
75 74 2.22222222222207e-11
76 76 8.88888888888879e-11
76 168 1.11111111111109e-11
76 77 2.22222222222218e-11
76 167 4.44444444444440e-11
76 166 1.11111111111110e-11
76 75 2.22222222222221e-11
77 77 8.88888888888886e-11
77 169 1.11111111111112e-11
77 78 2.22222222222225e-11
77 168 4.44444444444443e-11
77 167 1.11111111111109e-11
77 76 2.22222222222218e-11
78 78 8.88888888888896e-11
78 170 1.11111111111111e-11
78 79 2.22222222222223e-11
78 169 4.44444444444447e-11
78 168 1.11111111111112e-11
78 77 2.22222222222225e-11
79 79 8.88888888888895e-11
79 171 1.11111111111112e-11
79 80 2.22222222222225e-11
79 170 4.44444444444446e-11
79 169 1.11111111111111e-11
79 78 2.22222222222223e-11
80 80 8.88888888888891e-11
80 172 1.11111111111110e-11
80 81 2.22222222222220e-11
80 171 4.44444444444444e-11
80 170 1.11111111111112e-11
80 79 2.22222222222225e-11
81 81 8.88888888888886e-11
81 173 1.11111111111111e-11
81 82 2.22222222222223e-11
81 172 4.44444444444443e-11
81 171 1.11111111111110e-11
81 80 2.22222222222220e-11
82 82 8.88888888888891e-11
82 174 1.11111111111111e-11
82 83 2.22222222222223e-11
82 173 4.44444444444445e-11
82 172 1.11111111111111e-11
82 81 2.22222222222223e-11
83 83 8.88888888888891e-11
83 175 1.11111111111111e-11
83 84 2.22222222222223e-11
83 174 4.44444444444445e-11
83 173 1.11111111111111e-11
83 82 2.22222222222223e-11
84 84 8.88888888888882e-11
84 176 1.11111111111109e-11
84 85 2.22222222222218e-11
84 175 4.44444444444442e-11
84 174 1.11111111111111e-11
84 83 2.22222222222223e-11
85 85 8.88888888888886e-11
85 177 1.11111111111112e-11
85 86 2.22222222222225e-11
85 176 4.44444444444443e-11
85 175 1.11111111111109e-11
85 84 2.22222222222218e-11
86 86 8.88888888888896e-11
86 178 1.11111111111111e-11
86 87 2.22222222222223e-11
86 177 4.44444444444446e-11
86 176 1.11111111111112e-11
86 85 2.22222222222225e-11
87 87 8.88888888888891e-11
87 179 1.11111111111111e-11
87 88 2.22222222222223e-11
87 178 4.44444444444446e-11
87 177 1.11111111111111e-11
87 86 2.22222222222223e-11
88 88 8.88888888888886e-11
88 180 1.11111111111110e-11
88 89 2.22222222222220e-11
88 179 4.44444444444443e-11
88 178 1.11111111111111e-11
88 87 2.22222222222223e-11
89 89 8.88888888888886e-11
89 181 1.11111111111111e-11
89 90 2.22222222222223e-11
89 180 4.44444444444443e-11
89 179 1.11111111111110e-11
89 88 2.22222222222220e-11
90 90 4.44444444444446e-11
90 181 2.22222222222223e-11
90 180 1.11111111111111e-11
90 89 2.22222222222223e-11
91 91 8.88888888888889e-17
91 182 2.22222222222222e-17
91 1 1.11111111111111e-17
91 92 4.44444444444444e-17
91 183 1.11111111111111e-17
91 0 2.22222222222222e-17
92 92 1.77777777777778e-16
92 183 4.44444444444445e-17
92 182 1.11111111111111e-17
92 2 1.11111111111111e-17
92 93 4.44444444444444e-17
92 1 4.44444444444444e-17
92 184 1.11111111111111e-17
92 91 4.44444444444444e-17
92 0 1.11111111111111e-17
93 93 1.77777777777778e-16
93 184 4.44444444444445e-17
93 183 1.11111111111111e-17
93 3 1.11111111111111e-17
93 94 4.44444444444445e-17
93 2 4.44444444444445e-17
93 185 1.11111111111111e-17
93 92 4.44444444444444e-17
93 1 1.11111111111111e-17
94 94 1.77777777777778e-16
94 185 4.44444444444445e-17
94 184 1.11111111111111e-17
94 4 1.11111111111111e-17
94 95 4.44444444444444e-17
94 3 4.44444444444445e-17
94 186 1.11111111111111e-17
94 93 4.44444444444445e-17
94 2 1.11111111111111e-17
95 95 1.77777777777778e-16
95 186 4.44444444444445e-17
95 185 1.11111111111111e-17
95 5 1.11111111111111e-17
95 96 4.44444444444445e-17
95 4 4.44444444444445e-17
95 187 1.11111111111111e-17
95 94 4.44444444444444e-17
95 3 1.11111111111111e-17
96 96 1.77777777777778e-16
96 187 4.44444444444445e-17
96 186 1.11111111111111e-17
96 6 1.11111111111111e-17
96 97 4.44444444444444e-17
96 5 4.44444444444445e-17
96 188 1.11111111111111e-17
96 95 4.44444444444445e-17
96 4 1.11111111111111e-17
97 97 1.77777777777778e-16
97 188 4.44444444444444e-17
97 187 1.11111111111111e-17
97 7 1.11111111111111e-17
97 98 4.44444444444444e-17
97 6 4.44444444444444e-17
97 189 1.11111111111111e-17
97 96 4.44444444444444e-17
97 5 1.11111111111111e-17
98 98 1.77777777777778e-16
98 189 4.44444444444444e-17
98 188 1.11111111111111e-17
98 8 1.11111111111111e-17
98 99 4.44444444444445e-17
98 7 4.44444444444444e-17
98 190 1.11111111111111e-17
98 97 4.44444444444444e-17
98 6 1.11111111111111e-17
99 99 1.77777777777778e-16
99 190 4.44444444444445e-17
99 189 1.11111111111111e-17
99 9 1.11111111111111e-17
99 100 4.44444444444445e-17
99 8 4.44444444444445e-17
99 191 1.11111111111111e-17
99 98 4.44444444444445e-17
99 7 1.11111111111111e-17
100 100 1.77777777777778e-16
100 191 4.44444444444445e-17
100 190 1.11111111111111e-17
100 10 1.11111111111111e-17
100 101 4.44444444444445e-17
100 9 4.44444444444445e-17
100 192 1.11111111111111e-17
100 99 4.44444444444445e-17
100 8 1.11111111111111e-17
101 101 1.77777777777778e-16
101 192 4.44444444444445e-17
101 191 1.11111111111111e-17
101 11 1.11111111111111e-17
101 102 4.44444444444444e-17
101 10 4.44444444444445e-17
101 193 1.11111111111111e-17
101 100 4.44444444444445e-17
101 9 1.11111111111111e-17
102 102 1.77777777777778e-16
102 193 4.44444444444445e-17
102 192 1.11111111111111e-17
102 12 1.11111111111111e-17
102 103 4.44444444444445e-17
102 11 4.44444444444444e-17
102 194 1.11111111111111e-17
102 101 4.44444444444444e-17
102 10 1.11111111111111e-17
103 103 1.77777777777778e-16
103 194 4.44444444444444e-17
103 193 1.11111111111111e-17
103 13 1.11111111111111e-17
103 104 4.44444444444444e-17
103 12 4.44444444444444e-17
103 195 1.11111111111111e-17
103 102 4.44444444444445e-17
103 11 1.11111111111111e-17
104 104 1.77777777777778e-16
104 195 4.44444444444444e-17
104 194 1.11111111111111e-17
104 14 1.11111111111111e-17
104 105 4.44444444444445e-17
104 13 4.44444444444444e-17
104 196 1.11111111111111e-17
104 103 4.44444444444444e-17
104 12 1.11111111111111e-17
105 105 1.77777777777778e-16
105 196 4.44444444444445e-17
105 195 1.11111111111111e-17
105 15 1.11111111111111e-17
105 106 4.44444444444445e-17
105 14 4.44444444444445e-17
105 197 1.11111111111111e-17
105 104 4.44444444444445e-17
105 13 1.11111111111111e-17
106 106 1.77777777777778e-16
106 197 4.44444444444445e-17
106 196 1.11111111111111e-17
106 16 1.11111111111111e-17
106 107 4.44444444444445e-17
106 15 4.44444444444445e-17
106 198 1.11111111111111e-17
106 105 4.44444444444445e-17
106 14 1.11111111111111e-17
107 107 1.77777777777778e-16
107 198 4.44444444444445e-17
107 197 1.11111111111111e-17
107 17 1.11111111111111e-17
107 108 4.44444444444445e-17
107 16 4.44444444444445e-17
107 199 1.11111111111111e-17
107 106 4.44444444444445e-17
107 15 1.11111111111111e-17
108 108 1.77777777777778e-16
108 199 4.44444444444445e-17
108 198 1.11111111111111e-17
108 18 1.11111111111111e-17
108 109 4.44444444444444e-17
108 17 4.44444444444445e-17
108 200 1.11111111111111e-17
108 107 4.44444444444445e-17
108 16 1.11111111111111e-17
109 109 1.77777777777778e-16
109 200 4.44444444444445e-17
109 199 1.11111111111111e-17
109 19 1.11111111111111e-17
109 110 4.44444444444445e-17
109 18 4.44444444444445e-17
109 201 1.11111111111111e-17
109 108 4.44444444444444e-17
109 17 1.11111111111111e-17
110 110 1.77777777777778e-16
110 201 4.44444444444445e-17
110 200 1.11111111111111e-17
110 20 1.11111111111111e-17
110 111 4.44444444444444e-17
110 19 4.44444444444445e-17
110 202 1.11111111111111e-17
110 109 4.44444444444445e-17
110 18 1.11111111111111e-17
111 111 1.77777777777778e-16
111 202 4.44444444444444e-17
111 201 1.11111111111111e-17
111 21 1.11111111111111e-17
111 112 4.44444444444444e-17
111 20 4.44444444444444e-17
111 203 1.11111111111111e-17
111 110 4.44444444444444e-17
111 19 1.11111111111111e-17
112 112 1.77777777777778e-16
112 203 4.44444444444444e-17
112 202 1.11111111111111e-17
112 22 1.11111111111111e-17
112 113 4.44444444444444e-17
112 21 4.44444444444444e-17
112 204 1.11111111111111e-17
112 111 4.44444444444444e-17
112 20 1.11111111111111e-17
113 113 1.77777777777778e-16
113 204 4.44444444444444e-17
113 203 1.11111111111111e-17
113 23 1.11111111111111e-17
113 114 4.44444444444444e-17
113 22 4.44444444444444e-17
113 205 1.11111111111111e-17
113 112 4.44444444444444e-17
113 21 1.11111111111111e-17
114 114 1.77777777777778e-16
114 205 4.44444444444445e-17
114 204 1.11111111111111e-17
114 24 1.11111111111111e-17
114 115 4.44444444444445e-17
114 23 4.44444444444444e-17
114 206 1.11111111111111e-17
114 113 4.44444444444444e-17
114 22 1.11111111111111e-17
115 115 1.77777777777778e-16
115 206 4.44444444444445e-17
115 205 1.11111111111111e-17
115 25 1.11111111111111e-17
115 116 4.44444444444445e-17
115 24 4.44444444444445e-17
115 207 1.11111111111111e-17
115 114 4.44444444444445e-17
115 23 1.11111111111111e-17
116 116 1.77777777777778e-16
116 207 4.44444444444444e-17
116 206 1.11111111111111e-17
116 26 1.11111111111111e-17
116 117 4.44444444444443e-17
116 25 4.44444444444444e-17
116 208 1.11111111111111e-17
116 115 4.44444444444445e-17
116 24 1.11111111111111e-17
117 117 1.77777777777778e-16
117 208 4.44444444444445e-17
117 207 1.11111111111111e-17
117 27 1.11111111111111e-17
117 118 4.44444444444446e-17
117 26 4.44444444444445e-17
117 209 1.11111111111111e-17
117 116 4.44444444444443e-17
117 25 1.11111111111111e-17
118 118 1.77777777777778e-16
118 209 4.44444444444445e-17
118 208 1.11111111111111e-17
118 28 1.11111111111111e-17
118 119 4.44444444444443e-17
118 27 4.44444444444445e-17
118 210 1.11111111111111e-17
118 117 4.44444444444446e-17
118 26 1.11111111111111e-17
119 119 1.77777777777778e-16
119 210 4.44444444444444e-17
119 209 1.11111111111111e-17
119 29 1.11111111111111e-17
119 120 4.44444444444445e-17
119 28 4.44444444444444e-17
119 211 1.11111111111111e-17
119 118 4.44444444444443e-17
119 27 1.11111111111111e-17
120 120 1.77777777777778e-16
120 211 4.44444444444444e-17
120 210 1.11111111111111e-17
120 30 1.11111111111111e-17
120 121 4.44444444444444e-17
120 29 4.44444444444444e-17
120 212 1.11111111111111e-17
120 119 4.44444444444445e-17
120 28 1.11111111111111e-17
121 121 1.77777777777778e-16
121 212 4.44444444444445e-17
121 211 1.11111111111111e-17
121 31 1.11111111111111e-17
121 122 4.44444444444446e-17
121 30 4.44444444444445e-17
121 213 1.11111111111111e-17
121 120 4.44444444444444e-17
121 29 1.11111111111111e-17
122 122 1.77777777777778e-16
122 213 4.44444444444445e-17
122 212 1.11111111111111e-17
122 32 1.11111111111111e-17
122 123 4.44444444444444e-17
122 31 4.44444444444445e-17
122 214 1.11111111111111e-17
122 121 4.44444444444446e-17
122 30 1.11111111111111e-17
123 123 1.77777777777778e-16
123 214 4.44444444444445e-17
123 213 1.11111111111111e-17
123 33 1.11111111111112e-17
123 124 4.44444444444446e-17
123 32 4.44444444444445e-17
123 215 1.11111111111112e-17
123 122 4.44444444444444e-17
123 31 1.11111111111111e-17
124 124 1.77777777777778e-16
124 215 4.44444444444446e-17
124 214 1.11111111111112e-17
124 34 1.11111111111111e-17
124 125 4.44444444444445e-17
124 33 4.44444444444446e-17
124 216 1.11111111111111e-17
124 123 4.44444444444446e-17
124 32 1.11111111111112e-17
125 125 1.77777777777777e-16
125 216 4.44444444444443e-17
125 215 1.11111111111111e-17
125 35 1.11111111111110e-17
125 126 4.44444444444441e-17
125 34 4.44444444444443e-17
125 217 1.11111111111110e-17
125 124 4.44444444444445e-17
125 33 1.11111111111111e-17
126 126 1.77777777777778e-16
126 217 4.44444444444445e-17
126 216 1.11111111111110e-17
126 36 1.11111111111112e-17
126 127 4.44444444444448e-17
126 35 4.44444444444445e-17
126 218 1.11111111111112e-17
126 125 4.44444444444441e-17
126 34 1.11111111111110e-17
127 127 1.77777777777778e-16
127 218 4.44444444444446e-17
127 217 1.11111111111112e-17
127 37 1.11111111111111e-17
127 128 4.44444444444444e-17
127 36 4.44444444444446e-17
127 219 1.11111111111111e-17
127 126 4.44444444444448e-17
127 35 1.11111111111112e-17
128 128 1.77777777777778e-16
128 219 4.44444444444445e-17
128 218 1.11111111111111e-17
128 38 1.11111111111111e-17
128 129 4.44444444444445e-17
128 37 4.44444444444445e-17
128 220 1.11111111111111e-17
128 127 4.44444444444444e-17
128 36 1.11111111111111e-17
129 129 1.77777777777778e-16
129 220 4.44444444444444e-17
129 219 1.11111111111111e-17
129 39 1.11111111111111e-17
129 130 4.44444444444443e-17
129 38 4.44444444444444e-17
129 221 1.11111111111111e-17
129 128 4.44444444444445e-17
129 37 1.11111111111111e-17
130 130 1.77777777777778e-16
130 221 4.44444444444445e-17
130 220 1.11111111111111e-17
130 40 1.11111111111112e-17
130 131 4.44444444444447e-17
130 39 4.44444444444445e-17
130 222 1.11111111111112e-17
130 129 4.44444444444443e-17
130 38 1.11111111111111e-17
131 131 1.77777777777778e-16
131 222 4.44444444444444e-17
131 221 1.11111111111112e-17
131 41 1.11111111111110e-17
131 132 4.44444444444442e-17
131 40 4.44444444444444e-17
131 223 1.11111111111110e-17
131 130 4.44444444444447e-17
131 39 1.11111111111112e-17
132 132 1.77777777777778e-16
132 223 4.44444444444444e-17
132 222 1.11111111111110e-17
132 42 1.11111111111111e-17
132 133 4.44444444444446e-17
132 41 4.44444444444444e-17
132 224 1.11111111111111e-17
132 131 4.44444444444442e-17
132 40 1.11111111111110e-17
133 133 1.77777777777778e-16
133 224 4.44444444444444e-17
133 223 1.11111111111111e-17
133 43 1.11111111111111e-17
133 134 4.44444444444443e-17
133 42 4.44444444444444e-17
133 225 1.11111111111111e-17
133 132 4.44444444444446e-17
133 41 1.11111111111111e-17
134 134 1.77777777777778e-16
134 225 4.44444444444444e-17
134 224 1.11111111111111e-17
134 44 1.11111111111111e-17
134 135 4.44444444444446e-17
134 43 4.44444444444444e-17
134 226 1.11111111111111e-17
134 133 4.44444444444443e-17
134 42 1.11111111111111e-17
135 135 1.77777777777778e-16
135 226 4.44444444444445e-17
135 225 1.11111111111111e-17
135 45 1.11111111111111e-17
135 136 4.44444444444443e-17
135 44 4.44444444444444e-17
135 227 1.11111111111111e-17
135 134 4.44444444444446e-17
135 43 1.11111111111111e-17
136 136 1.77777777777778e-16
136 227 4.44444444444445e-17
136 226 1.11111111111111e-17
136 46 1.11111111111111e-17
136 137 4.44444444444446e-17
136 45 4.44444444444444e-17
136 228 1.11111111111111e-17
136 135 4.44444444444443e-17
136 44 1.11111111111111e-17
137 137 1.77777777777778e-16
137 228 4.44444444444445e-17
137 227 1.11111111111111e-17
137 47 1.11111111111111e-17
137 138 4.44444444444443e-17
137 46 4.44444444444444e-17
137 229 1.11111111111111e-17
137 136 4.44444444444446e-17
137 45 1.11111111111111e-17
138 138 1.77777777777778e-16
138 229 4.44444444444445e-17
138 228 1.11111111111111e-17
138 48 1.11111111111111e-17
138 139 4.44444444444446e-17
138 47 4.44444444444445e-17
138 230 1.11111111111111e-17
138 137 4.44444444444443e-17
138 46 1.11111111111111e-17
139 139 1.77777777777778e-16
139 230 4.44444444444445e-17
139 229 1.11111111111111e-17
139 49 1.11111111111111e-17
139 140 4.44444444444443e-17
139 48 4.44444444444445e-17
139 231 1.11111111111111e-17
139 138 4.44444444444446e-17
139 47 1.11111111111111e-17
140 140 1.77777777777778e-16
140 231 4.44444444444445e-17
140 230 1.11111111111111e-17
140 50 1.11111111111111e-17
140 141 4.44444444444446e-17
140 49 4.44444444444445e-17
140 232 1.11111111111111e-17
140 139 4.44444444444443e-17
140 48 1.11111111111111e-17
141 141 1.77777777777778e-16
141 232 4.44444444444446e-17
141 231 1.11111111111111e-17
141 51 1.11111111111112e-17
141 142 4.44444444444446e-17
141 50 4.44444444444446e-17
141 233 1.11111111111112e-17
141 140 4.44444444444446e-17
141 49 1.11111111111111e-17
142 142 1.77777777777777e-16
142 233 4.44444444444444e-17
142 232 1.11111111111112e-17
142 52 1.11111111111110e-17
142 143 4.44444444444441e-17
142 51 4.44444444444443e-17
142 234 1.11111111111110e-17
142 141 4.44444444444446e-17
142 50 1.11111111111112e-17
143 143 1.77777777777777e-16
143 234 4.44444444444443e-17
143 233 1.11111111111110e-17
143 53 1.11111111111111e-17
143 144 4.44444444444446e-17
143 52 4.44444444444443e-17
143 235 1.11111111111111e-17
143 142 4.44444444444441e-17
143 51 1.11111111111110e-17
144 144 2.16905887782330e-16
144 235 5.42264719455826e-17
144 234 1.11111111111111e-17
144 54 2.08931386122491e-17
144 145 8.35725544489966e-17
144 53 5.42264719455826e-17
144 236 2.08931386122491e-17
144 143 4.44444444444446e-17
144 52 1.11111111111111e-17
145 145 9.08292167613619e-16
145 236 2.27073041903405e-16
145 235 2.08931386122491e-17
145 55 1.44829571064381e-16
145 146 5.79318284257526e-16
145 54 2.27073041903405e-16
145 237 1.44829571064381e-16
145 144 8.35725544489966e-17
145 53 2.08931386122491e-17
146 146 7.54158383685022e-15
146 237 1.88539595921256e-15
146 236 1.44829571064381e-16
146 56 1.22259843611742e-15
146 147 4.89039374446970e-15
146 55 1.88539595921255e-15
146 238 1.22259843611742e-15
146 145 5.79318284257526e-16
146 54 1.44829571064381e-16
147 147 6.36147689327627e-14
147 238 1.59036922331907e-14
147 237 1.22259843611742e-15
147 57 1.03086680046343e-14
147 148 4.12346720185371e-14
147 56 1.59036922331907e-14
147 239 1.03086680046343e-14
147 146 4.89039374446970e-15
147 55 1.22259843611742e-15
148 148 5.32976826630194e-13
148 239 1.33244206657548e-13
148 238 1.03086680046343e-14
148 58 8.60732924268161e-14
148 149 3.44293169707264e-13
148 57 1.33244206657548e-13
148 240 8.60732924268161e-14
148 147 4.12346720185371e-14
148 56 1.03086680046343e-14
149 149 4.23475805902238e-12
149 240 1.05868951475559e-12
149 239 8.60732924268161e-14
149 59 6.65185298847612e-13
149 150 2.66074119539045e-12
149 58 1.05868951475559e-12
149 241 6.65185298847612e-13
149 148 3.44293169707264e-13
149 57 8.60732924268161e-14
150 150 2.55384036660479e-11
150 241 6.38460091651197e-12
150 240 6.65185298847612e-13
150 60 3.36610534575508e-12
150 151 1.34644213830203e-11
150 59 6.38460091651197e-12
150 242 3.36610534575508e-12
150 149 2.66074119539045e-12
150 58 6.65185298847612e-13
151 151 8.88888888888886e-11
151 242 2.22222222222221e-11
151 241 3.36610534575508e-12
151 61 7.74500576535600e-12
151 152 3.09800230614240e-11
151 60 2.22222222222221e-11
151 243 7.74500576535600e-12
151 150 1.34644213830203e-11
151 59 3.36610534575508e-12
152 152 1.52239374111730e-10
152 243 3.80598435279325e-11
152 242 7.74500576535600e-12
152 62 1.04459258122635e-11
152 153 4.17837032490542e-11
152 61 3.80598435279325e-11
152 244 1.04459258122635e-11
152 151 3.09800230614240e-11
152 60 7.74500576535600e-12
153 153 1.73543019718756e-10
153 244 4.33857549296891e-11
153 243 1.04459258122635e-11
153 63 1.10250378186844e-11
153 154 4.41001512747374e-11
153 62 4.33857549296891e-11
153 245 1.10250378186844e-11
153 152 4.17837032490542e-11
153 61 1.04459258122635e-11
154 154 1.77244800951147e-10
154 245 4.43112002377868e-11
154 244 1.10250378186844e-11
154 64 1.11008024431064e-11
154 155 4.44032097724254e-11
154 63 4.43112002377868e-11
154 246 1.11008024431064e-11
154 153 4.41001512747374e-11
154 62 1.10250378186844e-11
155 155 1.77714163008845e-10
155 246 4.44285407522111e-11
155 245 1.11008024431064e-11
155 65 1.11098885126751e-11
155 156 4.44395540507002e-11
155 64 4.44285407522111e-11
155 247 1.11098885126751e-11
155 154 4.44032097724254e-11
155 63 1.11008024431064e-11
156 156 1.77770236193942e-10
156 247 4.44425590484855e-11
156 246 1.11098885126751e-11
156 66 1.11109662815401e-11
156 157 4.44438651261604e-11
156 65 4.44425590484855e-11
156 248 1.11109662815401e-11
156 155 4.44395540507002e-11
156 64 1.11098885126751e-11
157 157 1.77776884441369e-10
157 248 4.44442211103423e-11
157 247 1.11109662815401e-11
157 67 1.11110939569122e-11
157 158 4.44443758276487e-11
157 66 4.44442211103423e-11
157 249 1.11110939569122e-11
157 156 4.44438651261604e-11
157 65 1.11109662815401e-11
158 158 1.77777671968012e-10
158 249 4.44444179920030e-11
158 248 1.11110939569122e-11
158 68 1.11111090793319e-11
158 159 4.44444363173278e-11
158 67 4.44444179920030e-11
158 250 1.11111090793319e-11
158 157 4.44443758276487e-11
158 66 1.11110939569122e-11
159 159 1.77777765245456e-10
159 250 4.44444413113640e-11
159 249 1.11111090793319e-11
159 69 1.11111108704633e-11
159 160 4.44444434818534e-11
159 68 4.44444413113640e-11
159 251 1.11111108704633e-11
159 158 4.44444363173278e-11
159 67 1.11111090793319e-11
160 160 1.77777776293425e-10
160 251 4.44444440733563e-11
160 250 1.11111108704633e-11
160 70 1.11111110826082e-11
160 161 4.44444443304329e-11
160 69 4.44444440733562e-11
160 252 1.11111110826082e-11
160 159 4.44444434818534e-11
160 68 1.11111108704633e-11
161 161 1.77777777601968e-10
161 252 4.44444444004920e-11
161 251 1.11111110826082e-11
161 71 1.11111111077352e-11
161 162 4.44444444309410e-11
161 70 4.44444444004920e-11
161 253 1.11111111077353e-11
161 160 4.44444443304329e-11
161 69 1.11111110826082e-11
162 162 1.77777777756956e-10
162 253 4.44444444392390e-11
162 252 1.11111111077353e-11
162 72 1.11111111107114e-11
162 163 4.44444444428456e-11
162 71 4.44444444392390e-11
162 254 1.11111111107114e-11
162 161 4.44444444309410e-11
162 70 1.11111111077352e-11
163 163 1.77777777775312e-10
163 254 4.44444444438279e-11
163 253 1.11111111107114e-11
163 73 1.11111111110636e-11
163 164 4.44444444442545e-11
163 72 4.44444444438279e-11
163 255 1.11111111110636e-11
163 162 4.44444444428456e-11
163 71 1.11111111107114e-11
164 164 1.77777777777485e-10
164 255 4.44444444443712e-11
164 254 1.11111111110636e-11
164 74 1.11111111111055e-11
164 165 4.44444444444220e-11
164 73 4.44444444443712e-11
164 256 1.11111111111055e-11
164 163 4.44444444442545e-11
164 72 1.11111111110636e-11
165 165 1.77777777777743e-10
165 256 4.44444444444357e-11
165 255 1.11111111111055e-11
165 75 1.11111111111104e-11
165 166 4.44444444444416e-11
165 74 4.44444444444357e-11
165 257 1.11111111111104e-11
165 164 4.44444444444220e-11
165 73 1.11111111111055e-11
166 166 1.77777777777773e-10
166 257 4.44444444444434e-11
166 256 1.11111111111104e-11
166 76 1.11111111111110e-11
166 167 4.44444444444442e-11
166 75 4.44444444444434e-11
166 258 1.11111111111110e-11
166 165 4.44444444444416e-11
166 74 1.11111111111104e-11
167 167 1.77777777777776e-10
167 258 4.44444444444440e-11
167 257 1.11111111111110e-11
167 77 1.11111111111109e-11
167 168 4.44444444444437e-11
167 76 4.44444444444440e-11
167 259 1.11111111111109e-11
167 166 4.44444444444442e-11
167 75 1.11111111111110e-11
168 168 1.77777777777777e-10
168 259 4.44444444444443e-11
168 258 1.11111111111109e-11
168 78 1.11111111111112e-11
168 169 4.44444444444450e-11
168 77 4.44444444444443e-11
168 260 1.11111111111112e-11
168 167 4.44444444444437e-11
168 76 1.11111111111109e-11
169 169 1.77777777777779e-10
169 260 4.44444444444447e-11
169 259 1.11111111111112e-11
169 79 1.11111111111111e-11
169 170 4.44444444444445e-11
169 78 4.44444444444447e-11
169 261 1.11111111111111e-11
169 168 4.44444444444450e-11
169 77 1.11111111111112e-11
170 170 1.77777777777778e-10
170 261 4.44444444444446e-11
170 260 1.11111111111111e-11
170 80 1.11111111111112e-11
170 171 4.44444444444447e-11
170 79 4.44444444444446e-11
170 262 1.11111111111112e-11
170 169 4.44444444444445e-11
170 78 1.11111111111111e-11
171 171 1.77777777777778e-10
171 262 4.44444444444444e-11
171 261 1.11111111111112e-11
171 81 1.11111111111110e-11
171 172 4.44444444444440e-11
171 80 4.44444444444444e-11
171 263 1.11111111111110e-11
171 170 4.44444444444447e-11
171 79 1.11111111111112e-11
172 172 1.77777777777777e-10
172 263 4.44444444444443e-11
172 262 1.11111111111110e-11
172 82 1.11111111111111e-11
172 173 4.44444444444445e-11
172 81 4.44444444444443e-11
172 264 1.11111111111111e-11
172 171 4.44444444444440e-11
172 80 1.11111111111110e-11
173 173 1.77777777777778e-10
173 264 4.44444444444445e-11
173 263 1.11111111111111e-11
173 83 1.11111111111111e-11
173 174 4.44444444444445e-11
173 82 4.44444444444445e-11
173 265 1.11111111111111e-11
173 172 4.44444444444445e-11
173 81 1.11111111111111e-11
174 174 1.77777777777778e-10
174 265 4.44444444444445e-11
174 264 1.11111111111111e-11
174 84 1.11111111111111e-11
174 175 4.44444444444446e-11
174 83 4.44444444444445e-11
174 266 1.11111111111111e-11
174 173 4.44444444444445e-11
174 82 1.11111111111111e-11
175 175 1.77777777777777e-10
175 266 4.44444444444442e-11
175 265 1.11111111111111e-11
175 85 1.11111111111109e-11
175 176 4.44444444444438e-11
175 84 4.44444444444442e-11
175 267 1.11111111111109e-11
175 174 4.44444444444446e-11
175 83 1.11111111111111e-11
176 176 1.77777777777777e-10
176 267 4.44444444444443e-11
176 266 1.11111111111109e-11
176 86 1.11111111111112e-11
176 177 4.44444444444447e-11
176 85 4.44444444444443e-11
176 268 1.11111111111112e-11
176 175 4.44444444444438e-11
176 84 1.11111111111109e-11
177 177 1.77777777777779e-10
177 268 4.44444444444447e-11
177 267 1.11111111111112e-11
177 87 1.11111111111111e-11
177 178 4.44444444444446e-11
177 86 4.44444444444446e-11
177 269 1.11111111111111e-11
177 176 4.44444444444447e-11
177 85 1.11111111111112e-11
178 178 1.77777777777778e-10
178 269 4.44444444444446e-11
178 268 1.11111111111111e-11
178 88 1.11111111111111e-11
178 179 4.44444444444446e-11
178 87 4.44444444444446e-11
178 270 1.11111111111111e-11
178 177 4.44444444444446e-11
178 86 1.11111111111111e-11
179 179 1.77777777777777e-10
179 270 4.44444444444443e-11
179 269 1.11111111111111e-11
179 89 1.11111111111110e-11
179 180 4.44444444444440e-11
179 88 4.44444444444443e-11
179 271 1.11111111111110e-11
179 178 4.44444444444446e-11
179 87 1.11111111111111e-11
180 180 1.77777777777777e-10
180 271 4.44444444444443e-11
180 270 1.11111111111110e-11
180 90 1.11111111111111e-11
180 181 4.44444444444446e-11
180 89 4.44444444444443e-11
180 272 1.11111111111111e-11
180 179 4.44444444444440e-11
180 88 1.11111111111110e-11
181 181 8.88888888888891e-11
181 271 1.11111111111111e-11
181 90 2.22222222222223e-11
181 272 2.22222222222223e-11
181 180 4.44444444444446e-11
181 89 1.11111111111111e-11
182 182 8.88888888888889e-17
182 273 2.22222222222222e-17
182 92 1.11111111111111e-17
182 183 4.44444444444445e-17
182 274 1.11111111111111e-17
182 91 2.22222222222222e-17
183 183 1.77777777777778e-16
183 274 4.44444444444445e-17
183 273 1.11111111111111e-17
183 93 1.11111111111111e-17
183 184 4.44444444444445e-17
183 92 4.44444444444445e-17
183 275 1.11111111111111e-17
183 182 4.44444444444445e-17
183 91 1.11111111111111e-17
184 184 1.77777777777778e-16
184 275 4.44444444444445e-17
184 274 1.11111111111111e-17
184 94 1.11111111111111e-17
184 185 4.44444444444445e-17
184 93 4.44444444444445e-17
184 276 1.11111111111111e-17
184 183 4.44444444444445e-17
184 92 1.11111111111111e-17
185 185 1.77777777777778e-16
185 276 4.44444444444445e-17
185 275 1.11111111111111e-17
185 95 1.11111111111111e-17
185 186 4.44444444444445e-17
185 94 4.44444444444445e-17
185 277 1.11111111111111e-17
185 184 4.44444444444445e-17
185 93 1.11111111111111e-17
186 186 1.77777777777778e-16
186 277 4.44444444444445e-17
186 276 1.11111111111111e-17
186 96 1.11111111111111e-17
186 187 4.44444444444445e-17
186 95 4.44444444444445e-17
186 278 1.11111111111111e-17
186 185 4.44444444444445e-17
186 94 1.11111111111111e-17
187 187 1.77777777777778e-16
187 278 4.44444444444445e-17
187 277 1.11111111111111e-17
187 97 1.11111111111111e-17
187 188 4.44444444444445e-17
187 96 4.44444444444445e-17
187 279 1.11111111111111e-17
187 186 4.44444444444445e-17
187 95 1.11111111111111e-17
188 188 1.77777777777778e-16
188 279 4.44444444444444e-17
188 278 1.11111111111111e-17
188 98 1.11111111111111e-17
188 189 4.44444444444444e-17
188 97 4.44444444444444e-17
188 280 1.11111111111111e-17
188 187 4.44444444444445e-17
188 96 1.11111111111111e-17
189 189 1.77777777777778e-16
189 280 4.44444444444445e-17
189 279 1.11111111111111e-17
189 99 1.11111111111111e-17
189 190 4.44444444444445e-17
189 98 4.44444444444444e-17
189 281 1.11111111111111e-17
189 188 4.44444444444444e-17
189 97 1.11111111111111e-17
190 190 1.77777777777778e-16
