# Electrolyte diffusivity; sampled from pre-migration BESFEM model.
# concentration value; solver units (see ../README.md)
0 4.3708066600310892e-06
3.1250000000000001e-06 4.3594866985947994e-06
6.2500000000000003e-06 4.3482003010379194e-06
9.3750000000000009e-06 4.3369473584507537e-06
1.2500000000000001e-05 4.3257277623034068e-06
1.5625e-05 4.3145414044443668e-06
1.8750000000000002e-05 4.3033881770991045e-06
2.1875000000000003e-05 4.2922679728686821e-06
2.5000000000000001e-05 4.2811806847283564e-06
2.8124999999999999e-05 4.2701262060262042e-06
3.1250000000000001e-05 4.2591044304817464e-06
3.4375000000000002e-05 4.2481152521845514e-06
3.7500000000000003e-05 4.2371585655928962e-06
4.0625000000000005e-05 4.2262342655323742e-06
4.3750000000000006e-05 4.2153422471945632e-06
4.6875000000000001e-05 4.2044824061356592e-06
5.0000000000000002e-05 4.1936546382751266e-06
5.3125000000000004e-05 4.1828588398943758e-06
5.6249999999999998e-05 4.1720949076353947e-06
5.9375e-05 4.1613627384994452e-06
6.2500000000000001e-05 4.1506622298457243e-06
6.5625000000000009e-05 4.1399932793900502e-06
6.8750000000000004e-05 4.12935578520353e-06
7.1874999999999999e-05 4.1187496457112701e-06
7.5000000000000007e-05 4.1081747596910539e-06
7.8125000000000015e-05 4.0976310262720569e-06
8.125000000000001e-05 4.0871183449335276e-06
8.4375000000000004e-05 4.0766366155035183e-06
8.7500000000000013e-05 4.066185738157598e-06
9.0625000000000007e-05 4.0557656134175583e-06
9.3750000000000002e-05 4.0453761421501403e-06
9.687500000000001e-05 4.0350172255657795e-06
0.0001 4.0246887652173228e-06
0.000103125 4.0143906629987775e-06
0.00010625000000000001 4.0041228211440481e-06
0.000109375 3.9938851422256874e-06
0.0001125 3.9836775291536583e-06
0.00011562500000000001 3.9734998851740827e-06
0.00011875 3.9633521138680032e-06
0.00012187499999999999 3.9532341191501666e-06
0.000125 3.9431458052677738e-06
0.00012812500000000001 3.9330870767992796e-06
0.00013125000000000002 3.9230578386531568e-06
0.000134375 3.9130579960667051e-06
0.00013750000000000001 3.9030874546048133e-06
0.00014062500000000002 3.8931461201587819e-06
0.00014375 3.8832338989451197e-06
0.00014687500000000001 3.8733506975043347e-06
0.00015000000000000001 3.8634964226997545e-06
0.00015312500000000002 3.853670981716349e-06
0.00015625000000000003 3.8438742820595382e-06
0.00015937500000000001 3.8341062315540194e-06
0.00016250000000000002 3.8243667383425965e-06
0.00016562500000000003 3.8146557108850174e-06
0.00016875000000000001 3.8049730579568071e-06
0.00017187500000000002 3.7953186886481097e-06
0.00017500000000000003 3.7856925123625377e-06
0.00017812500000000001 3.7760944388160181e-06
0.00018125000000000001 3.7665243780356579e-06
0.00018437500000000002 3.7569822403585962e-06
0.0001875 3.747467936430869e-06
0.00019062500000000001 3.7379813772062781e-06
0.00019375000000000002 3.7285224739452672e-06
0.000196875 3.7190911382138076e-06
0.00020000000000000001 3.7096872818822582e-06
0.00020312500000000002 3.7003108171242679e-06
0.00020625 3.6909616564156595e-06
0.00020937500000000001 3.6816397125333335e-06
0.00021250000000000002 3.6723448985541582e-06
0.000215625 3.6630771278538751e-06
0.00021875 3.6538363141060039e-06
0.00022187500000000001 3.6446223712807632e-06
0.00022499999999999999 3.6354352136439789e-06
0.000228125 3.6262747557560031e-06
0.00023125000000000001 3.6171409124706448e-06
0.00023437499999999999 3.6080335989340877e-06
0.0002375 3.5989527305838391e-06
0.00024062500000000001 3.5898982231476507e-06
0.00024374999999999999 3.5808699926424693e-06
0.00024687500000000002 3.5718679553733712e-06
0.00025000000000000001 3.5628920279325263e-06
0.00025312499999999999 3.5539421271981358e-06
0.00025624999999999997 3.545018170333404e-06
0.00025937499999999995 3.5361200747854804e-06
0.00026249999999999998 3.5272477582844456e-06
0.00026562500000000002 3.5184011388422588e-06
0.00026875 3.5095801347517514e-06
0.00027187499999999998 3.5007846645855859e-06
0.00027499999999999996 3.4920146471952556e-06
0.00027812499999999994 3.4832700017100458e-06
0.00028124999999999998 3.4745506475360435e-06
0.00028437500000000001 3.4658565043551197e-06
0.0002875 3.4571874921239231e-06
0.00029062499999999998 3.4485435310728907e-06
0.00029374999999999996 3.4399245417052441e-06
0.00029687499999999994 3.4313304447959958e-06
0.00029999999999999997 3.4227611613909668e-06
0.00030312500000000001 3.4142166128057939e-06
0.00030624999999999999 3.4056967206249577e-06
0.00030937499999999997 3.3972014067008114e-06
0.00031249999999999995 3.3887305931525762e-06
0.00031562499999999993 3.3802842023654118e-06
0.00031874999999999997 3.3718621569894291e-06
0.000321875 3.3634643799387223e-06
0.00032499999999999999 3.3550907943904273e-06
0.00032812499999999997 3.3467413237837538e-06
0.00033125 3.3384158918190472e-06
0.00033437500000000004 3.3301144224568232e-06
0.00033750000000000002 3.3218368399168391e-06
0.000340625 3.313583068677146e-06
0.00034374999999999998 3.3053530334731597e-06
0.00034687499999999996 3.2971466592967141e-06
0.00035 3.2889638713951452e-06
0.00035312500000000003 3.2808045952703579e-06
0.00035625000000000001 3.2726687566779035e-06
0.00035937499999999999 3.2645562816260698e-06
0.00036249999999999998 3.2564670963749482e-06
0.00036562499999999996 3.2484011274355368e-06
0.00036874999999999999 3.240358301568834e-06
0.00037187500000000003 3.2323385457849144e-06
0.00037500000000000001 3.22434178734205e-06
0.00037812499999999999 3.2163679537457968e-06
0.00038125000000000002 3.2084169727481073e-06
0.00038437500000000006 3.2004887723464357e-06
0.00038750000000000004 3.1925832807828504e-06
0.00039062500000000002 3.1847004265431559e-06
0.00039375 3.1768401383560036e-06
0.00039687499999999998 3.1690023451920169e-06
0.00040000000000000002 3.1611869762629153e-06
0.00040312500000000005 3.1533939610206513e-06
0.00040625000000000004 3.145623229156532e-06
0.00040937500000000002 3.1378747106003613e-06
0.0004125 3.1301483355195764e-06
0.00041562499999999998 3.1224440343183868e-06
0.00041875000000000001 3.1147617376369284e-06
0.00042187500000000005 3.1071013763504097e-06
0.00042500000000000003 3.0994628815682546e-06
0.00042812500000000001 3.0918461846332715e-06
0.00043124999999999999 3.0842512171207956e-06
0.00043437499999999997 3.076677910837867e-06
0.00043750000000000001 3.0691261978223856e-06
0.00044062500000000004 3.0615960103422786e-06
0.00044375000000000003 3.0540872808946829e-06
0.00044687500000000001 3.0465999422050995e-06
0.00044999999999999999 3.0391339272265908e-06
0.00045312499999999997 3.0316891691389478e-06
0.00045625 3.0242656013478866e-06
0.00045937500000000004 3.0168631574842156e-06
0.00046250000000000002 3.0094817714030469e-06
0.000465625 3.0021213771829726e-06
0.00046874999999999998 2.9947819091252762e-06
0.00047187499999999996 2.9874633017531126e-06
0.000475 2.9801654898107273e-06
0.00047812500000000003 2.9728884082626516e-06
0.00048125000000000002 2.9656319922929201e-06
0.000484375 2.958396177304266e-06
0.00048749999999999998 2.9511808989173538e-06
0.00049062499999999996 2.9439860929699832e-06
0.00049375000000000005 2.9368116955163146e-06
0.00049687500000000003 2.9296576428260917e-06
0.00050000000000000001 2.9225238713838633e-06
0.00050312499999999999 2.9154103178882209e-06
0.00050624999999999997 2.908316919251024e-06
0.00050937499999999995 2.9012436125966327e-06
0.00051249999999999993 2.8941903352611571e-06
0.00051562499999999992 2.8871570247916802e-06
0.0005187499999999999 2.8801436189455181e-06
0.00052187499999999999 2.8731500556894531e-06
0.00052499999999999997 2.8661762731989968e-06
0.00052812499999999995 2.8592222098576252e-06
0.00053125000000000004 2.8522878042560458e-06
0.00053437500000000002 2.8453729951914568e-06
0.0005375 2.8384777216667966e-06
0.00054062499999999998 2.8316019228900111e-06
0.00054374999999999996 2.8247455382733274e-06
0.00054687499999999994 2.8179085074325147e-06
0.00054999999999999992 2.8110907701861569e-06
0.00055312499999999991 2.8042922665549265e-06
0.00055624999999999989 2.7975129367608662e-06
0.00055937499999999998 2.7907527212266651e-06
0.00056249999999999996 2.7840115605749401e-06
0.00056562499999999994 2.7772893956275242e-06
0.00056875000000000003 2.7705861674047484e-06
0.00057187500000000001 2.763901817124743e-06
0.00057499999999999999 2.7572362862027214e-06
0.00057812499999999997 2.7505895162502805e-06
0.00058124999999999995 2.7439614490746936e-06
0.00058437499999999993 2.7373520266782227e-06
0.00058749999999999991 2.7307611912574126e-06
0.0005906249999999999 2.7241888852023967e-06
0.00059374999999999988 2.7176350510962223e-06
0.00059687499999999997 2.7110996317141295e-06
0.00059999999999999995 2.7045825700229067e-06
0.00060312499999999993 2.6980838091801746e-06
0.00060625000000000002 2.6916032925337234e-06
0.000609375 2.685140963620823e-06
0.00061249999999999998 2.6786967661675598e-06
0.00061562499999999996 2.6722706440881567e-06
0.00061874999999999994 2.6658625414843027e-06
0.00062187499999999992 2.6594724026444864e-06
0.0006249999999999999 2.6531001720433285e-06
0.00062812499999999989 2.6467457943409256e-06
0.00063124999999999987 2.6404092143821833e-06
0.00063437499999999996 2.634090377196161e-06
0.00063749999999999994 2.6277892279954112e-06
0.00064062499999999992 2.621505712175339e-06
0.00064375000000000001 2.6152397753135377e-06
0.00064687499999999999 2.6089913631691551e-06
0.00064999999999999997 2.6027604216822289e-06
0.00065312499999999995 2.5965468969730667e-06
0.00065624999999999993 2.590350735341582e-06
0.00065937500000000002 2.5841718832666739e-06
0.0006625 2.5780102874055808e-06
0.00066562499999999998 2.5718658945932577e-06
0.00066875000000000007 2.565738651841728e-06
0.00067187500000000005 2.5596285063394708e-06
0.00067500000000000004 2.5535354054507865e-06
0.00067812500000000002 2.5474592967151731e-06
0.00068125 2.541400127846709e-06
0.00068437500000000009 2.5353578467334281e-06
0.00068750000000000007 2.5293324014367071e-06
0.00069062500000000005 2.5233237401906466e-06
0.00069375000000000014 2.5173318114014575e-06
0.00069687500000000012 2.5113565636468599e-06
0.0007000000000000001 2.5053979456754713e-06
0.00070312500000000008 2.4994559064061916e-06
0.00070625000000000006 2.4935303949276094e-06
0.00070937500000000004 2.4876213604974041e-06
0.00071250000000000003 2.4817287525417331e-06
0.00071562500000000001 2.4758525206546498e-06
0.00071874999999999999 2.4699926145975006e-06
0.00072187500000000008 2.4641489842983399e-06
0.00072500000000000006 2.4583215798513277e-06
0.00072812500000000004 2.4525103515161571e-06
0.00073125000000000013 2.4467152497174559e-06
0.00073437500000000011 2.4409362250442175e-06
0.00073750000000000009 2.4351732282491995e-06
0.00074062500000000007 2.4294262102483653e-06
0.00074375000000000005 2.4236951221202957e-06
0.00074687500000000003 2.4179799151056145e-06
0.00075000000000000002 2.4122805406064225e-06
0.000753125 2.4065969501857235e-06
0.00075624999999999998 2.4009290955668462e-06
0.00075937500000000007 2.3952769286329025e-06
0.00076250000000000005 2.3896404014261942e-06
0.00076562500000000003 2.3840194661476747e-06
0.00076875000000000012 2.3784140751563774e-06
0.0007718750000000001 2.3728241809688592e-06
0.00077500000000000008 2.3672497362586461e-06
0.00077812500000000006 2.3616906938556797e-06
0.00078125000000000004 2.3561470067457666e-06
0.00078437500000000002 2.3506186280700278e-06
0.00078750000000000001 2.345105511124352e-06
0.00079062499999999999 2.3396076093588459e-06
0.00079374999999999997 2.3341248763773005e-06
0.00079687500000000006 2.3286572659366398e-06
0.00080000000000000004 2.3232047319463873e-06
0.00080312500000000002 2.3177672284681269e-06
0.00080625000000000011 2.3123447097149654e-06
0.00080937500000000009 2.3069371300510033e-06
0.00081250000000000007 2.3015444439908069e-06
0.00081562500000000005 2.2961666061988646e-06
0.00081875000000000003 2.2908035714890773e-06
0.00082187500000000001 2.2854552948242162e-06
0.000825 2.2801217313154145e-06
0.00082812499999999998 2.2748028362216363e-06
0.00083124999999999996 2.2694985649491575e-06
0.00083437500000000005 2.2642088730510568e-06
0.00083750000000000003 2.2589337162266859e-06
0.00084062500000000001 2.2536730503211695e-06
0.0008437500000000001 2.248426831324882e-06
0.00084687500000000008 2.2431950153729509e-06
0.00085000000000000006 2.2379775587447301e-06
0.00085312500000000004 2.2327744178633136e-06
0.00085625000000000002 2.2275855492950144e-06
0.000859375 2.2224109097488773e-06
0.00086249999999999999 2.2172504560761612e-06
0.00086562499999999997 2.212104145269861e-06
0.00086874999999999995 2.2069719344641862e-06
0.00087187500000000004 2.2018537809340911e-06
0.00087500000000000002 2.1967496420947601e-06
0.000878125 2.191659475501132e-06
0.00088125000000000009 2.1865832388474013e-06
0.00088437500000000007 2.181520889966535e-06
0.00088750000000000005 2.1764723868297829e-06
0.00089062500000000003 2.1714376875461949e-06
0.00089375000000000001 2.1664167503621423e-06
0.00089687499999999999 2.1614095336608334e-06
0.00089999999999999998 2.1564159959618325e-06
0.00090312499999999996 2.1514360959205923e-06
0.00090624999999999994 2.146469792327965e-06
0.00090937500000000003 2.1415170441097401e-06
0.00091250000000000001 2.1365778103261667e-06
0.00091562499999999999 2.1316520501714901e-06
0.00091875000000000008 2.1267397229734719e-06
0.00092187500000000006 2.1218407881929345e-06
0.00092500000000000004 2.1169552054232948e-06
0.00092812500000000002 2.112082934390094e-06
0.00093125 2.1072239349505405e-06
0.00093437499999999998 2.1023781670930547e-06
0.00093749999999999997 2.0975455909368043e-06
0.00094062499999999995 2.0927261667312513e-06
0.00094374999999999993 2.087919854855694e-06
0.00094687500000000002 2.0831266158188218e-06
0.00095 2.0783464102582562e-06
0.00095312499999999998 2.0735791989401033e-06
0.00095625000000000007 2.0688249427585087e-06
0.00095937500000000005 2.0640836027352054e-06
0.00096250000000000003 2.0593551400190773e-06
0.00096562500000000001 2.0546395158857094e-06
0.00096874999999999999 2.0499366917369494e-06
0.00097187499999999997 2.0452466291004657e-06
0.00097499999999999996 2.040569289629314e-06
0.00097812499999999983 2.0359046351014964e-06
0.00098124999999999992 2.0312526274195258e-06
0.00098437500000000001 2.0266132286100013e-06
0.0009875000000000001 2.021986400823162e-06
0.00099062500000000019 2.0173721063324691e-06
0.00099375000000000006 2.0127703075341737e-06
0.00099687499999999993 2.008180966946887e-06
0.001 2.0036040472111574e-06
0.0010031250000000001 1.9990395110890491e-06
0.00100625 1.994487321463716e-06
0.0010093749999999999 1.9899474413389824e-06
0.0010124999999999999 1.9854198338389225e-06
0.001015625 1.980904462207445e-06
0.0010187500000000001 1.9764012898078765e-06
0.0010218750000000002 1.9719102801225455e-06
0.0010250000000000001 1.9674313967523766e-06
0.001028125 1.9629646034164604e-06
0.00103125 1.9585098639516668e-06
0.0010343750000000001 1.9540671423122207e-06
0.0010375000000000002 1.9496364025693049e-06
0.0010406250000000003 1.945217608910643e-06
0.0010437500000000002 1.9408107256401087e-06
0.0010468750000000001 1.936415717177311e-06
0.0010500000000000002 1.9320325480572025e-06
0.0010531250000000002 1.9276611829296739e-06
0.0010562500000000001 1.9233015865591623e-06
0.001059375 1.9189537238242458e-06
0.0010625000000000001 1.9146175597172553e-06
0.0010656250000000002 1.9102930593438789e-06
0.00106875 1.9059801879227662e-06
0.0010718749999999999 1.901678910785145e-06
0.001075 1.8973891933744243e-06
0.0010781250000000001 1.8931110012458097e-06
0.00108125 1.8888443000659172e-06
0.0010843749999999998 1.8845890556123842e-06
0.0010874999999999999 1.8803452337734932e-06
0.001090625 1.8761128005477823e-06
0.0010937500000000001 1.8718917220436667e-06
0.0010968750000000002 1.8676819644790629e-06
0.0011000000000000001 1.8634834941810015e-06
0.0011031249999999999 1.8592962775852598e-06
0.00110625 1.8551202812359819e-06
0.0011093750000000001 1.8509554717853034e-06
0.0011125000000000002 1.8468018159929847e-06
0.0011156250000000003 1.8426592807260303e-06
0.0011187500000000002 1.838527832958328e-06
0.001121875 1.8344074397702735e-06
0.0011250000000000001 1.8302980683484114e-06
0.0011281250000000002 1.826199685985057e-06
0.0011312500000000001 1.8221122600779432e-06
0.001134375 1.8180357581298522e-06
0.0011375000000000001 1.8139701477482513e-06
0.0011406250000000001 1.8099153966449391e-06
0.00114375 1.8058714726356817e-06
0.0011468749999999999 1.8018383436398494e-06
0.00115 1.7978159776800749e-06
0.0011531250000000001 1.7938043428818813e-06
0.0011562499999999999 1.7898034074733398e-06
0.0011593749999999998 1.7858131397847121e-06
0.0011624999999999999 1.7818335082480983e-06
0.001165625 1.7778644813970894e-06
0.0011687499999999999 1.7739060278664137e-06
0.0011718749999999997 1.7699581163915968e-06
0.0011749999999999998 1.7660207158086079e-06
0.0011781249999999999 1.7620937950535186e-06
0.0011812499999999998 1.7581773231621536e-06
0.0011843749999999997 1.7542712692697624e-06
0.0011874999999999998 1.7503756026106583e-06
0.0011906249999999998 1.7464902925178874e-06
0.0011937499999999999 1.7426153084228955e-06
0.001196875 1.7387506198551885e-06
0.0011999999999999999 1.7348961964419781e-06
0.0012031249999999998 1.7310520079078767e-06
0.0012062499999999999 1.7272180240745329e-06
0.0012093749999999999 1.7233942148603304e-06
0.0012125 1.7195805502800204e-06
0.0012156250000000001 1.7157770004444242e-06
0.00121875 1.7119835355600882e-06
0.0012218749999999999 1.7082001259289507e-06
0.001225 1.7044267419480267e-06
0.001228125 1.7006633541090766e-06
0.0012312499999999999 1.6969099329982881e-06
0.0012343749999999998 1.6931664492959394e-06
0.0012374999999999999 1.6894328737760886e-06
0.001240625 1.6857091773062504e-06
0.0012437499999999998 1.6819953308470799e-06
0.0012468749999999997 1.6782913054520401e-06
0.0012499999999999998 1.6745970722671e-06
0.0012531249999999999 1.6709126025304105e-06
0.0012562499999999998 1.6672378675719968e-06
0.0012593749999999996 1.6635728388134282e-06
0.0012624999999999997 1.6599174877675266e-06
0.0012656249999999998 1.6562717860380318e-06
0.0012687499999999999 1.6526357053193173e-06
0.001271875 1.649009217396053e-06
0.0012749999999999999 1.6453922941429228e-06
0.0012781249999999997 1.6417849075242906e-06
0.0012812499999999998 1.6381870295939248e-06
0.0012843749999999999 1.6345986324946618e-06
0.0012875 1.6310196884581279e-06
0.0012906250000000001 1.6274501698044245e-06
0.00129375 1.6238900489418201e-06
0.0012968749999999999 1.6203392983664648e-06
0.0012999999999999999 1.6167978906620813e-06
0.001303125 1.613265798499668e-06
0.0013062499999999999 1.6097429946371991e-06
0.0013093749999999998 1.6062294519193424e-06
0.0013124999999999999 1.6027251432771333e-06
0.001315625 1.5992300417277196e-06
0.00131875 1.5957441203740326e-06
0.0013218750000000001 1.5922673524045306e-06
0.001325 1.588799711092869e-06
0.0013281249999999999 1.585341169797641e-06
0.00133125 1.5818917019620728e-06
0.0013343750000000001 1.5784512811137487e-06
0.0013375000000000001 1.5750198808643072e-06
0.0013406250000000002 1.5715974749091656e-06
0.0013437500000000001 1.5681840370272411e-06
0.001346875 1.5647795410806456e-06
0.0013500000000000001 1.5613839610144383e-06
0.0013531250000000002 1.5579972708563012e-06
0.00135625 1.5546194447162935e-06
0.0013593749999999999 1.5512504567865513e-06
0.0013625 1.5478902813410284e-06
0.0013656250000000001 1.5445388927351859e-06
0.0013687500000000002 1.5411962654057564e-06
0.0013718750000000003 1.5378623738704336e-06
0.0013750000000000001 1.5345371927276205e-06
0.001378125 1.5312206966561447e-06
0.0013812500000000001 1.5279128604149903e-06
0.0013843750000000002 1.5246136588430135e-06
0.0013875000000000003 1.5213230668586995e-06
0.0013906250000000004 1.5180410594598634e-06
0.0013937500000000002 1.5147676117233945e-06
0.0013968750000000001 1.5115026988049961e-06
0.0014000000000000002 1.5082462959388985e-06
0.0014031250000000003 1.5049983784376133e-06
0.0014062500000000002 1.5017589216916567e-06
0.001409375 1.4985279011692925e-06
0.0014125000000000001 1.495305292416253e-06
0.0014156250000000002 1.4920910710555058e-06
0.0014187500000000001 1.4888852127869658e-06
0.001421875 1.4856876933872465e-06
0.0014250000000000001 1.4824984887093973e-06
0.0014281250000000001 1.4793175746826526e-06
0.00143125 1.4761449273121651e-06
0.0014343749999999999 1.4729805226787569e-06
0.0014375 1.4698243369386485e-06
0.0014406250000000001 1.466676346323232e-06
0.0014437500000000002 1.4635365271387896e-06
0.0014468750000000002 1.4604048557662529e-06
0.0014500000000000001 1.4572813086609569e-06
0.001453125 1.4541658623523725e-06
0.0014562500000000001 1.451058493443876e-06
0.0014593750000000002 1.447959178612479e-06
0.0014625000000000003 1.4448678946086016e-06
0.0014656250000000003 1.441784618255801e-06
0.0014687500000000002 1.4387093264505557e-06
0.0014718750000000001 1.4356419961619821e-06
0.0014750000000000002 1.4325826044316264e-06
0.0014781250000000003 1.4295311283731926e-06
0.0014812500000000001 1.4264875451723194e-06
0.001484375 1.42345183208632e-06
0.0014875000000000001 1.4204239664439591e-06
0.0014906250000000002 1.4174039256451915e-06
0.0014937500000000001 1.4143916871609511e-06
0.0014968749999999999 1.4113872285328756e-06
0.0015 1.4083905273731055e-06
0.0015031250000000001 1.4054015613640196e-06
0.00150625 1.4024203082580112e-06
0.0015093749999999999 1.3994467458772483e-06
0.0015125 1.3964808521134455e-06
0.001515625 1.3935226049276236e-06
0.0015187500000000001 1.3905719823498793e-06
0.0015218750000000002 1.3876289624791546e-06
0.0015250000000000001 1.3846935234829942e-06
0.001528125 1.38176564359734e-06
0.0015312500000000001 1.3788453011262729e-06
0.0015343750000000001 1.3759324744418082e-06
0.0015375000000000002 1.3730271419836459e-06
0.0015406250000000003 1.3701292822589652e-06
0.0015437500000000002 1.3672388738421772e-06
0.0015468750000000001 1.3643558953747189e-06
0.0015500000000000002 1.3614803255648076e-06
0.0015531250000000003 1.3586121431872456e-06
0.0015562500000000001 1.3557513270831604e-06
0.001559375 1.3528978561598165e-06
0.0015625000000000001 1.3500517093903768e-06
0.0015656250000000002 1.3472128658136774e-06
0.00156875 1.3443813045340237e-06
0.0015718749999999999 1.3415570047209513e-06
0.001575 1.338739945609034e-06
0.0015781250000000001 1.3359301064976348e-06
0.00158125 1.3331274667507133e-06
0.0015843749999999998 1.3303320057965976e-06
0.0015874999999999999 1.3275437031277785e-06
0.001590625 1.3247625383006807e-06
0.0015937500000000001 1.3219884909354659e-06
0.0015968750000000002 1.3192215407158019e-06
0.0016000000000000001 1.3164616673886693e-06
0.0016031249999999999 1.3137088507641302e-06
0.00160625 1.3109630707151352e-06
0.0016093750000000001 1.3082243071773005e-06
0.0016125000000000002 1.3054925401487139e-06
0.0016156250000000003 1.3027677496896985e-06
0.0016187500000000002 1.3000499159226374e-06
0.0016218750000000001 1.2973390190317494e-06
0.0016250000000000001 1.2946350392628775e-06
0.0016281250000000002 1.2919379569232986e-06
0.0016312500000000001 1.2892477523815077e-06
0.001634375 1.286564406067018e-06
0.0016375000000000001 1.283887898470155e-06
0.0016406250000000002 1.2812182101418563e-06
0.00164375 1.2785553216934654e-06
0.0016468749999999999 1.2758992137965415e-06
0.00165 1.2732498671826401e-06
0.0016531250000000001 1.270607262643135e-06
0.00165625 1.267971381028998e-06
0.0016593749999999998 1.265342203250617e-06
0.0016624999999999999 1.2627197102775913e-06
0.001665625 1.2601038831385335e-06
0.0016687500000000001 1.2574947029208733e-06
0.0016718750000000002 1.254892150770668e-06
0.0016750000000000001 1.2522962078924025e-06
0.0016781249999999999 1.2497068555487889e-06
0.00168125 1.2471240750605883e-06
0.0016843750000000001 1.2445478478064005e-06
0.0016875000000000002 1.2419781552224867e-06
0.0016906250000000003 1.2394149788025691e-06
0.0016937500000000002 1.2368583000976435e-06
0.001696875 1.2343081007157845e-06
0.0017000000000000001 1.2317643623219698e-06
0.0017031250000000002 1.2292270666378651e-06
0.0017062500000000001 1.2266961954416674e-06
0.001709375 1.2241717305678892e-06
0.0017125 1.2216536539071996e-06
0.0017156250000000001 1.2191419474062075e-06
0.00171875 1.2166365930673008e-06
0.0017218749999999999 1.2141375729484474e-06
0.001725 1.2116448691630229e-06
0.0017281250000000001 1.2091584638796126e-06
0.0017312499999999999 1.206678339321839e-06
0.0017343749999999998 1.2042044777681736e-06
0.0017374999999999999 1.2017368615517605e-06
0.001740625 1.1992754730602388e-06
0.0017437500000000001 1.1968202947355442e-06
0.0017468750000000002 1.1943713090737494e-06
0.00175 1.1919284986248729e-06
0.0017531249999999999 1.189491845992713e-06
0.00175625 1.1870613338346464e-06
0.0017593750000000001 1.1846369448614815e-06
0.0017625000000000002 1.1822186618372551e-06
0.0017656250000000003 1.1798064675790743e-06
0.0017687500000000001 1.1774003449569324e-06
0.001771875 1.1750002768935381e-06
0.0017750000000000001 1.1726062463641316e-06
0.0017781250000000002 1.1702182363963304e-06
0.0017812500000000001 1.1678362300699382e-06
0.0017843749999999999 1.165460210516778e-06
0.0017875 1.1630901609205279e-06
0.0017906250000000001 1.1607260645165364e-06
0.00179375 1.1583679045916646e-06
0.0017968749999999999 1.1560156644841095e-06
0.0018 1.1536693275832377e-06
0.001803125 1.1513288773294072e-06
0.0018062499999999999 1.1489942972138192e-06
0.0018093749999999998 1.1466655707783286e-06
0.0018124999999999999 1.1443426816152971e-06
0.001815625 1.1420256133674025e-06
0.0018187500000000001 1.1397143497274987e-06
0.0018218750000000001 1.1374088744384358e-06
0.001825 1.1351091712928998e-06
0.0018281249999999999 1.1328152241332399e-06
0.00183125 1.1305270168513259e-06
0.0018343750000000001 1.1282445333883565e-06
0.0018375000000000002 1.1259677577347254e-06
0.0018406250000000002 1.1236966739298372e-06
0.0018437500000000001 1.1214312660619612e-06
0.001846875 1.1191715182680646e-06
0.0018500000000000001 1.1169174147336473e-06
0.0018531250000000002 1.1146689396925955e-06
0.00185625 1.1124260774270056e-06
0.0018593749999999999 1.1101888122670486e-06
0.0018625 1.1079571285907836e-06
0.0018656250000000001 1.1057310108240295e-06
0.00186875 1.1035104434401848e-06
0.0018718749999999998 1.1012954109600888e-06
0.0018749999999999999 1.0990858979518509e-06
0.001878125 1.0968818890307101e-06
0.0018812499999999999 1.0946833688588644e-06
0.0018843749999999998 1.0924903221453385e-06
0.0018874999999999999 1.0903027336458017e-06
0.0018906249999999999 1.0881205881624467e-06
0.00189375 1.0859438705438055e-06
0.0018968750000000001 1.0837725656846265e-06
0.0019 1.0816066585256997e-06
0.0019031249999999999 1.0794461340537223e-06
0.00190625 1.0772909773011395e-06
0.001909375 1.0751411733459978e-06
0.0019125000000000001 1.072996707311796e-06
0.0019156250000000002 1.070857564367329e-06
0.0019187500000000001 1.0687237297265567e-06
0.001921875 1.0665951886484363e-06
0.0019250000000000001 1.0644719264367928e-06
0.0019281250000000002 1.0623539284401553e-06
0.00193125 1.0602411800516274e-06
0.0019343749999999999 1.0581336667087267e-06
0.0019375 1.0560313738932533e-06
0.0019406250000000001 1.0539342871311293e-06
0.0019437499999999999 1.0518423919922747e-06
0.0019468749999999998 1.0497556740904458e-06
0.0019499999999999999 1.0476741190831003e-06
0.0019531249999999998 1.0455977126712515e-06
0.0019562499999999997 1.0435264405993341e-06
0.0019593749999999997 1.0414602886550481e-06
0.0019624999999999998 1.0393992426692305e-06
0.0019656249999999999 1.0373432885157149e-06
0.00196875 1.0352924121111753e-06
0.0019718750000000001 1.0332465994150053e-06
0.0019750000000000002 1.0312058364291668e-06
0.0019781250000000003 1.0291701091980614e-06
0.0019812500000000004 1.0271394038083809e-06
0.001984375 1.0251137063889739e-06
0.0019875000000000001 1.0230930031107141e-06
0.0019906250000000002 1.0210772801863583e-06
0.0019937499999999999 1.0190665238704048e-06
0.001996875 1.0170607204589692e-06
0.002 1.0150598562896388e-06
0.0020031250000000001 1.0130639177413495e-06
0.0020062500000000002 1.011072891234231e-06
0.0020093749999999999 1.0090867632294959e-06
0.0020125 1.0071055202292941e-06
0.0020156250000000001 1.0051291487765761e-06
0.0020187499999999997 1.0031576354549703e-06
0.0020218749999999998 1.0011909668886452e-06
0.0020249999999999999 9.9922912974217747e-07
0.002028125 9.9727211072042292e-07
0.0020312500000000001 9.9531989656838345e-07
0.0020343749999999997 9.9337247407107706e-07
0.0020374999999999998 9.9142983005341299e-07
0.0020406249999999999 9.8949195138005155e-07
0.0020437499999999996 9.8755882495528863e-07
0.0020468749999999996 9.8563043772291204e-07
0.0020499999999999997 9.8370677666608809e-07
0.0020531249999999998 9.8178782880722405e-07
0.0020562499999999999 9.7987358120784507e-07
0.0020593749999999996 9.7796402096846394e-07
0.0020624999999999997 9.7605913522846274e-07
0.0020656249999999998 9.7415891116595393e-07
0.0020687499999999994 9.7226333599767e-07
0.0020718749999999995 9.703723969788231e-07
0.0020749999999999996 9.6848608140299491e-07
0.0020781249999999997 9.6660437660199709e-07
0.0020812499999999998 9.6472726994576647e-07
0.0020843749999999999 9.6285474884222359e-07
0.0020874999999999999 9.6098680073715791e-07
0.002090625 9.5912341311411182e-07
0.0020937500000000001 9.5726457349423912e-07
0.0020968749999999998 9.5541026943620595e-07
0.0020999999999999999 9.5356048853605623e-07
0.002103125 9.5171521842709558e-07
0.0021062499999999996 9.498744467797626e-07
0.0021093749999999997 9.4803816130152754e-07
0.0021124999999999998 9.4620634973674692e-07
0.0021156249999999999 9.4437899986657226e-07
0.00211875 9.4255609950880314e-07
0.0021218750000000001 9.4073763651779557e-07
0.0021250000000000002 9.3892359878432273e-07
0.0021281250000000002 9.371139742354693e-07
0.0021312500000000003 9.3530875083451681e-07
0.002134375 9.3350791658081108e-07
0.0021375000000000001 9.3171145950966266e-07
0.0021406250000000002 9.2991936769222151e-07
0.0021437499999999998 9.2813162923537046e-07
0.0021468749999999999 9.2634823228159301e-07
0.00215 9.2456916500888047e-07
0.0021531250000000001 9.2279441563059903e-07
0.0021562500000000002 9.2102397239538829e-07
0.0021593749999999998 9.192578235870414e-07
0.0021624999999999999 9.1749595752439445e-07
0.002165625 9.1573836256120687e-07
0.0021687499999999997 9.1398502708606411e-07
0.0021718749999999998 9.1223593952224987e-07
0.0021749999999999999 9.104910883276428e-07
0.0021781249999999999 9.087504619946014e-07
0.00218125 9.0701404904986059e-07
0.0021843750000000001 9.0528183805440706e-07
0.0021875000000000002 9.0355381760338762e-07
0.0021906250000000003 9.0182997632598549e-07
0.0021937500000000004 9.001103028853098e-07
0.002196875 8.9839478597830186e-07
0.0022000000000000001 8.9668341433561023e-07
0.0022031250000000002 8.9497617672149047e-07
0.0022062499999999999 8.9327306193369457e-07
0.002209375 8.9157405880336743e-07
0.0022125000000000001 8.8987915619493514e-07
0.0022156250000000001 8.8818834300600259e-07
0.0022187500000000002 8.8650160816723703e-07
0.0022218750000000003 8.8481894064227975e-07
0.0022250000000000004 8.8314032942762356e-07
0.0022281250000000005 8.8146576355251425e-07
0.0022312500000000006 8.7979523207885008e-07
0.0022343750000000002 8.7812872410106651e-07
0.0022375000000000003 8.7646622874604395e-07
0.0022406250000000004 8.7480773517299205e-07
0.0022437500000000001 8.7315323257335854e-07
0.0022468750000000002 8.7150271017071126e-07
0.0022500000000000003 8.6985615722065506e-07
0.0022531250000000004 8.6821356301070541e-07
0.0022562500000000004 8.6657491686020966e-07
0.0022593750000000001 8.6494020812022683e-07
0.0022625000000000002 8.6330942617343979e-07
0.0022656250000000003 8.6168256043404244e-07
0.0022687499999999999 8.600596003476505e-07
0.002271875 8.5844053539118775e-07
0.0022750000000000001 8.5682535507280446e-07
0.0022781250000000002 8.5521404893175468e-07
0.0022812500000000003 8.5360660653831919e-07
0.0022843749999999999 8.5200301749369082e-07
0.0022875 8.5040327142988219e-07
0.0022906250000000001 8.488073580096254e-07
0.0022937499999999998 8.4721526692627756e-07
0.0022968749999999999 8.4562698790371921e-07
0.0023 8.4404251069625826e-07
0.0023031250000000001 8.4246182508853442e-07
0.0023062500000000001 8.4088492089541526e-07
0.0023093749999999998 8.3931178796191427e-07
0.0023124999999999999 8.3774241616307911e-07
0.002315625 8.3617679540390875e-07
0.0023187499999999996 8.3461491561924633e-07
0.0023218749999999997 8.3305676677369619e-07
0.0023249999999999998 8.315023388615168e-07
0.0023281249999999999 8.2995162190653865e-07
0.00233125 8.2840460596205669e-07
0.0023343749999999996 8.2686128111075254e-07
0.0023374999999999997 8.2532163746458697e-07
0.0023406249999999998 8.2378566516471312e-07
0.0023437499999999995 8.2225335438138139e-07
0.0023468749999999996 8.2072469531385296e-07
0.0023499999999999997 8.1919967819029667e-07
0.0023531249999999997 8.1767829326770641e-07
0.0023562499999999998 8.1616053083181091e-07
0.0023593749999999995 8.1464638119697064e-07
0.0023624999999999996 8.1313583470609436e-07
0.0023656249999999997 8.1162888173055399e-07
0.0023687499999999993 8.1012551267008743e-07
0.0023718749999999994 8.0862571795270664e-07
0.0023749999999999995 8.0712948803461103e-07
0.0023781249999999996 8.0563681340010108e-07
0.0023812499999999997 8.0414768456148589e-07
0.0023843749999999998 8.0266209205898894e-07
0.0023874999999999999 8.0118002646067509e-07
0.002390625 7.9970147836234133e-07
0.00239375 7.982264383874512e-07
0.0023968749999999997 7.9675489718702457e-07
0.0023999999999999998 7.9528684543957194e-07
0.0024031249999999999 7.9382227385098969e-07
0.0024062499999999995 7.9236117315448653e-07
0.0024093749999999996 7.9090353411048457e-07
0.0024124999999999997 7.8944934750654802e-07
0.0024156249999999998 7.8799860415728378e-07
0.0024187499999999999 7.8655129490426394e-07
0.002421875 7.8510741061593239e-07
0.0024250000000000001 7.8366694218753219e-07
0.0024281250000000002 7.8222988054101273e-07
0.0024312500000000003 7.8079621662494211e-07
0.0024343749999999999 7.793659414144328e-07
0.0024375 7.7793904591104722e-07
0.0024406250000000001 7.7651552114272312e-07
0.0024437499999999997 7.7509535816368541e-07
0.0024468749999999998 7.7367854805436395e-07
0.0024499999999999999 7.7226508192130965e-07
0.002453125 7.7085495089711785e-07
0.0024562500000000001 7.6944814614033604e-07
0.0024593749999999998 7.6804465883539185e-07
0.0024624999999999998 7.6664448019250686e-07
0.0024656249999999999 7.6524760144761348e-07
0.0024687499999999996 7.6385401386227398e-07
0.0024718749999999997 7.6246370872360899e-07
0.0024749999999999998 7.6107667734420412e-07
0.0024781249999999999 7.5969291106203481e-07
0.0024812499999999999 7.5831240124039281e-07
0.002484375 7.5693513926779063e-07
0.0024875000000000001 7.5556111655790142e-07
0.0024906250000000002 7.5419032454946208e-07
0.0024937500000000003 7.5282275470621041e-07
0.002496875 7.514583985167948e-07
0.0025000000000000001 7.5009724749469667e-07
0.0025031250000000001 7.4873929317815808e-07
0.0025062499999999998 7.4738452713010471e-07
0.0025093749999999999 7.4603294093805552e-07
0.0025125 7.4468452621406368e-07
0.0025156250000000001 7.4333927459462337e-07
0.0025187500000000002 7.4199717774060292e-07
0.0025218750000000002 7.4065822733716881e-07
0.0025250000000000003 7.3932241509369768e-07
0.0025281250000000004 7.3798973274371376e-07
0.0025312500000000005 7.3666017204480489e-07
0.0025343750000000002 7.353337247785548e-07
0.0025375000000000003 7.3401038275045367e-07
0.0025406250000000003 7.3269013778983991e-07
0.00254375 7.3137298174981615e-07
0.0025468750000000001 7.3005890650717232e-07
0.0025500000000000002 7.2874790396231892e-07
0.0025531250000000003 7.2743996603920793e-07
0.0025562500000000004 7.2613508468526027e-07
0.002559375 7.2483325187129245e-07
0.0025625000000000001 7.2353445959144287e-07
0.0025656250000000002 7.222386998630977e-07
0.0025687499999999999 7.2094596472682323e-07
0.0025718749999999999 7.1965624624628548e-07
0.002575 7.183695365081807e-07
0.0025781250000000001 7.1708582762217071e-07
0.0025812500000000002 7.158051117208009e-07
0.0025843749999999999 7.1452738095942967e-07
0.0025875 7.1325262751616273e-07
0.002590625 7.1198084359178167e-07
0.0025937499999999997 7.1071202140966634e-07
0.0025968749999999998 7.0944615321572877e-07
0.0025999999999999999 7.0818323127834434e-07
0.002603125 7.0692324788827901e-07
0.0026062500000000001 7.0566619535862047e-07
0.0026093749999999997 7.0441206602470374e-07
0.0026124999999999998 7.0316085224405377e-07
0.0026156249999999999 7.0191254639629907e-07
0.0026187499999999996 7.0066714088312019e-07
0.0026218749999999996 6.9942462812816625e-07
0.0026249999999999997 6.9818500057699699e-07
0.0026281249999999998 6.9694825069700992e-07
0.0026312499999999999 6.9571437097737014e-07
0.002634375 6.9448335392894511e-07
0.0026375000000000001 6.932551920842374e-07
0.0026406250000000002 6.9202987799732059e-07
0.0026437500000000003 6.9080740424375987e-07
0.0026468749999999999 6.8958776342056118e-07
0.00265 6.8837094814609086e-07
0.0026531250000000001 6.8715695106001967e-07
0.0026562499999999998 6.8594576482324653e-07
0.0026593749999999998 6.8473738211784288e-07
0.0026624999999999999 6.8353179564697449e-07
0.002665625 6.8232899813485237e-07
0.0026687500000000001 6.8112898232664716e-07
0.0026718750000000002 6.799317409884435e-07
0.0026750000000000003 6.7873726690716099e-07
0.0026781250000000004 6.7754555289049425e-07
0.0026812500000000005 6.7635659176685257e-07
0.0026843750000000001 6.751703763852864e-07
0.0026875000000000002 6.7398689961543216e-07
0.0026906250000000003 6.728061543474432e-07
0.00269375 6.7162813349192861e-07
0.0026968750000000001 6.7045282997988368e-07
0.0027000000000000001 6.6928023676263859e-07
0.0027031250000000002 6.6811034681178214e-07
0.0027062500000000003 6.6694315311910984e-07
0.002709375 6.657786486965515e-07
0.0027125000000000001 6.6461682657611804e-07
0.0027156250000000002 6.6345767980983061e-07
0.0027187499999999998 6.6230120146966654e-07
0.0027218749999999999 6.6114738464748887e-07
0.002725 6.5999622245499591e-07
0.0027281250000000001 6.5884770802364863e-07
0.0027312500000000002 6.5770183450461475e-07
0.0027343750000000003 6.5655859506871029e-07
0.0027375000000000003 6.5541798290633098e-07
0.0027406250000000004 6.5427999122740132e-07
0.0027437500000000005 6.5314461326130415e-07
0.0027468750000000002 6.5201184225682922e-07
0.0027500000000000003 6.5088167148210817e-07
0.0027531250000000004 6.4975409422455545e-07
0.00275625 6.4862910379080873e-07
0.0027593750000000001 6.4750669350667306e-07
0.0027625000000000002 6.4638685671705377e-07
0.0027656250000000003 6.4526958678590585e-07
0.0027687500000000004 6.4415487709617118e-07
0.0027718750000000005 6.4304272104971818e-07
0.0027750000000000006 6.4193311206728501e-07
0.0027781250000000006 6.4082604358842298e-07
0.0027812500000000007 6.3972150907143906e-07
0.0027843750000000004 6.3861950199333293e-07
0.0027875000000000005 6.3752001584974378e-07
0.0027906250000000006 6.3642304415488972e-07
0.0027937500000000002 6.3532858044151624e-07
0.0027968750000000003 6.3423661826083009e-07
0.0028000000000000004 6.3314715118245118e-07
0.0028031250000000005 6.3206017279435025e-07
0.0028062500000000006 6.3097567670279482e-07
0.0028093750000000002 6.2989365653229166e-07
0.0028125000000000003 6.2881410592553114e-07
0.0028156250000000004 6.2773701854332978e-07
0.0028187500000000001 6.2666238806457949e-07
0.0028218750000000002 6.2559020818618382e-07
0.0028250000000000003 6.2452047262300973e-07
0.0028281250000000003 6.2345317510783006e-07
0.0028312500000000004 6.2238830939126454e-07
0.0028343750000000001 6.2132586924173157e-07
0.0028375000000000002 6.2026584844538793e-07
0.0028406250000000003 6.1920824080607972e-07
0.0028437499999999999 6.1815304014528211e-07
0.002846875 6.1710024030204709e-07
0.0028500000000000001 6.1604983513295299e-07
0.0028531250000000002 6.1500181851204779e-07
0.0028562500000000003 6.1395618433079204e-07
0.0028593749999999999 6.1291292649801278e-07
0.0028625 6.1187203893984491e-07
0.0028656250000000001 6.108335155996796e-07
0.0028687499999999998 6.0979735043811158e-07
0.0028718749999999999 6.087635374328859e-07
0.002875 6.0773207057884442e-07
0.002878125 6.0670294388787808e-07
0.0028812500000000001 6.0567615138886538e-07
0.0028843749999999998 6.0465168712763377e-07
0.0028874999999999999 6.0362954516689233e-07
0.002890625 6.0260971958619175e-07
0.0028937499999999996 6.0159220448186686e-07
0.0028968749999999997 6.0057699396699123e-07
0.0028999999999999998 5.9956408217131431e-07
0.0029031249999999999 5.9855346324122517e-07
0.00290625 5.9754513133968924e-07
0.0029093749999999996 5.965390806462041e-07
0.0029124999999999997 5.9553530535675113e-07
0.0029156249999999998 5.9453379968373588e-07
0.0029187499999999995 5.9353455785594332e-07
0.0029218749999999996 5.9253757411849215e-07
0.0029249999999999996 5.9154284273278033e-07
0.0029281249999999997 5.9055035797643039e-07
0.0029312499999999998 5.8956011414324818e-07
0.0029343749999999999 5.885721055431712e-07
0.0029375 5.8758632650221732e-07
0.0029406250000000001 5.8660277136243705e-07
0.0029437500000000002 5.8562143448186411e-07
0.0029468749999999998 5.8464231023446702e-07
0.0029499999999999999 5.8366539301010008e-07
0.002953125 5.8269067721445541e-07
0.0029562499999999997 5.8171815726901447e-07
0.0029593749999999998 5.807478276109986e-07
0.0029624999999999999 5.797796826933254e-07
0.0029656249999999999 5.7881371698455294e-07
0.00296875 5.7784992496884289e-07
0.0029718750000000001 5.7688830114590402e-07
0.0029750000000000002 5.7592884003094494e-07
0.0029781250000000003 5.7497153615463559e-07
0.0029812500000000004 5.7401638406305098e-07
0.002984375 5.7306337831762814e-07
0.0029875000000000001 5.7211251349511846e-07
0.0029906250000000002 5.7116378418754226e-07
0.0029937499999999999 5.7021718500214515e-07
0.002996875 5.6927271056134271e-07
0.0030000000000000001 5.6833035550268052e-07
0.0030031250000000002 5.6739011447879214e-07
0.0030062500000000002 5.6645198215734493e-07
0.0030093749999999999 5.6551595322099924e-07
0.0030125 5.6458202236736059e-07
0.0030156250000000001 5.6365018430893751e-07
0.0030187499999999997 5.6272043377309442e-07
0.0030218749999999998 5.6179276550200411e-07
0.0030249999999999999 5.6086717425260517e-07
0.003028125 5.5994365479655814e-07
0.0030312500000000001 5.5902220192020254e-07
0.0030343749999999997 5.5810281042450361e-07
0.0030374999999999998 5.5718547512501727e-07
0.0030406249999999999 5.5627019085184308e-07
0.0030437499999999996 5.5535695244957981e-07
0.0030468749999999997 5.544457547772784e-07
0.0030499999999999998 5.5353659270840472e-07
0.0030531249999999998 5.5262946113078776e-07
0.0030562499999999999 5.5172435494658715e-07
0.0030593749999999996 5.5082126907223555e-07
0.0030624999999999997 5.4992019843841093e-07
0.0030656249999999998 5.4902113798997799e-07
0.0030687499999999994 5.4812408268595947e-07
0.0030718749999999995 5.4722902749948207e-07
0.0030749999999999996 5.4633596741774234e-07
0.0030781249999999997 5.4544489744195524e-07
0.0030812499999999998 5.4455581258732402e-07
0.0030843749999999999 5.4366870788298353e-07
0.0030875 5.4278357837196822e-07
0.0030906250000000001 5.4190041911116936e-07
0.0030937500000000001 5.4101922517128695e-07
0.0030968749999999998 5.4013999163679623e-07
0.0030999999999999999 5.3926271360589793e-07
0.003103125 5.3838738619048478e-07
0.0031062499999999996 5.3751400451609254e-07
0.0031093749999999997 5.3664256372186615e-07
0.0031124999999999998 5.3577305896051081e-07
0.0031156249999999999 5.3490548539826054e-07
0.00311875 5.3403983821482881e-07
0.0031218750000000001 5.3317611260337121e-07
0.0031250000000000002 5.323143037704478e-07
0.0031281250000000003 5.3145440693597639e-07
0.0031312500000000004 5.3059641733319944e-07
0.003134375 5.2974033020863582e-07
0.0031375000000000001 5.2888614082205166e-07
0.0031406250000000002 5.2803384444640798e-07
0.0031437499999999998 5.2718343636783058e-07
0.0031468749999999999 5.2633491188556538e-07
0.00315 5.2548826631194327e-07
0.0031531250000000001 5.2464349497233425e-07
0.0031562500000000002 5.238005932051158e-07
0.0031593749999999999 5.2295955636162637e-07
0.0031624999999999999 5.221203798061335e-07
0.003165625 5.2128305891578814e-07
0.0031687499999999997 5.2044758908059155e-07
0.0031718749999999998 5.1961396570335309e-07
0.0031749999999999999 5.1878218419965665e-07
0.003178125 5.1795223999781204e-07
0.00318125 5.1712412853882927e-07
0.0031843750000000001 5.1629784527637367e-07
0.0031875000000000002 5.1547338567672595e-07
0.0031906250000000003 5.1465074521875036e-07
0.0031937500000000004 5.138299193938527e-07
0.0031968750000000001 5.1301090370594389e-07
0.0032000000000000002 5.1219369367140261e-07
0.0032031250000000002 5.1137828481903765e-07
0.0032062499999999999 5.1056467269004989e-07
0.003209375 5.0975285283799886e-07
0.0032125000000000001 5.0894282082875929e-07
0.0032156250000000002 5.0813457224049044e-07
0.0032187500000000003 5.0732810266359703e-07
0.0032218750000000003 5.065234077006892e-07
0.0032250000000000004 5.05720482966552e-07
0.0032281250000000005 5.0491932408810438e-07
0.0032312500000000006 5.0411992670436702e-07
0.0032343750000000003 5.0332228646642088e-07
0.0032375000000000004 5.0252639903737406e-07
0.0032406250000000004 5.0173226009232746e-07
0.0032437500000000001 5.0093986531833713e-07
0.0032468750000000002 5.0014921041437591e-07
0.0032500000000000003 4.9936029109130411e-07
0.0032531250000000004 4.9857310307182588e-07
0.0032562500000000005 4.9778764209046352e-07
0.0032593750000000001 4.9700390389351286e-07
0.0032625000000000002 4.9622188423901648e-07
0.0032656250000000003 4.9544157889671852e-07
0.00326875 4.9466298364804138e-07
0.003271875 4.9388609428604049e-07
0.0032750000000000001 4.9311090661537913e-07
0.0032781250000000002 4.9233741645228661e-07
0.0032812500000000003 4.9156561962452437e-07
0.003284375 4.9079551197135509e-07
0.0032875000000000001 4.9002708934350868e-07
0.0032906250000000001 4.8926034760314322e-07
0.0032937499999999998 4.884952826238152e-07
0.0032968749999999999 4.8773189029044311e-07
0.0033 4.8697016649927578e-07
0.0033031250000000001 4.8621010715785997e-07
0.0033062500000000002 4.8545170818499941e-07
0.0033093749999999998 4.8469496551072989e-07
0.0033124999999999999 4.8393987507628045e-07
0.003315625 4.8318643283404518e-07
0.0033187499999999997 4.8243463474754193e-07
0.0033218749999999997 4.8168447679138626e-07
0.0033249999999999998 4.809359549512575e-07
0.0033281249999999999 4.8018906522386351e-07
0.00333125 4.7944380361690922e-07
0.0033343750000000001 4.7870016614906375e-07
0.0033375000000000002 4.7795814884992782e-07
0.0033406250000000003 4.7721774776000165e-07
0.0033437500000000004 4.764789589306519e-07
0.003346875 4.7574177842407942e-07
0.0033500000000000001 4.7500620231328991e-07
0.0033531250000000002 4.7427222668205618e-07
0.0033562499999999999 4.7353984762489217e-07
0.0033593749999999999 4.728090612470173e-07
0.0033625 4.7207986366432737e-07
0.0033656250000000001 4.7135225100335749e-07
0.0033687500000000002 4.7062621940126002e-07
0.0033718750000000003 4.6990176500576415e-07
0.0033750000000000004 4.691788839751489e-07
0.0033781250000000005 4.6845757247821022e-07
0.0033812500000000006 4.6773782669423247e-07
0.0033843750000000002 4.6701964281295462e-07
0.0033875000000000003 4.6630301703454123e-07
0.0033906250000000004 4.6558794556954822e-07
0.0033937500000000001 4.6487442463889621e-07
0.0033968750000000002 4.6416245047383985e-07
0.0034000000000000002 4.6345201931593334e-07
0.0034031250000000003 4.627431274170023e-07
0.0034062500000000004 4.6203577103911501e-07
0.0034093750000000001 4.6132994645455068e-07
0.0034125000000000002 4.6062564994576677e-07
0.0034156250000000003 4.599228778053745e-07
0.0034187499999999999 4.592216263361018e-07
0.003421875 4.5852189185077311e-07
0.0034250000000000001 4.5782367067226721e-07
0.0034281250000000002 4.5712695913349991e-07
0.0034312500000000003 4.564317535773849e-07
0.0034343750000000004 4.5573805035681114e-07
0.0034375000000000005 4.550458458346073e-07
0.0034406250000000005 4.5435513638351787e-07
0.0034437500000000006 4.5366591838617188e-07
0.0034468750000000003 4.5297818823505086e-07
0.0034500000000000004 4.5229194233246439e-07
0.0034531250000000005 4.5160717709052065e-07
0.0034562500000000001 4.5092388893109386e-07
0.0034593750000000002 4.5024207428579865e-07
0.0034625000000000003 4.4956172959595982e-07
0.0034656250000000004 4.4888285131258634e-07
0.0034687500000000005 4.4820543589633982e-07
0.0034718750000000006 4.4752947981750771e-07
0.0034750000000000007 4.4685497955597471e-07
0.0034781250000000007 4.4618193160119419e-07
0.0034812500000000008 4.4551033245216081e-07
0.0034843750000000005 4.4484017861738153e-07
0.0034875000000000006 4.4417146661484789e-07
0.0034906250000000007 4.4350419297201052e-07
0.0034937500000000003 4.4283835422574627e-07
0.0034968750000000004 4.4217394692233589e-07
0.0035000000000000005 4.4151096761743318e-07
0.0035031250000000006 4.408494128760386e-07
0.0035062500000000007 4.4018927927247166e-07
0.0035093750000000003 4.3953056339034327e-07
0.0035125000000000004 4.3887326182252837e-07
0.0035156250000000005 4.3821737117114132e-07
0.0035187500000000002 4.3756288804750447e-07
0.0035218750000000003 4.3690980907212328e-07
0.0035250000000000004 4.3625813087466116e-07
0.0035281250000000004 4.3560785009391028e-07
0.0035312500000000005 4.3495896337776544e-07
0.0035343750000000002 4.343114673831976e-07
0.0035375000000000003 4.3366535877622654e-07
0.0035406250000000004 4.3302063423189731e-07
0.00354375 4.3237729043424867e-07
0.0035468750000000001 4.3173532407629253e-07
0.0035500000000000002 4.3109473185998211e-07
0.0035531250000000003 4.3045551049619155e-07
0.0035562500000000004 4.2981765670468365e-07
0.003559375 4.2918116721408872e-07
0.0035625000000000001 4.285460387618787e-07
0.0035656250000000002 4.2791226809433786e-07
0.0035687499999999999 4.2727985196653695e-07
0.003571875 4.2664878714231304e-07
0.0035750000000000001 4.2601907039423959e-07
0.0035781250000000001 4.2539069850359949e-07
0.0035812500000000002 4.2476366826036418e-07
0.0035843749999999999 4.2413797646316513e-07
0.0035875 4.2351361991926967e-07
0.0035906250000000001 4.2289059544455533e-07
0.0035937499999999997 4.2226889986348499e-07
0.0035968749999999998 4.2164853000908129e-07
0.0035999999999999999 4.2102948272290432e-07
0.003603125 4.2041175485502179e-07
0.0036062500000000001 4.1979534326399008e-07
0.0036093749999999997 4.1918024481682353e-07
0.0036124999999999998 4.1856645638897519e-07
0.0036156249999999999 4.17953974864309e-07
0.0036187499999999996 4.1734279713507649e-07
0.0036218749999999997 4.1673292010189108e-07
0.0036249999999999998 4.1612434067370721e-07
0.0036281249999999998 4.155170557677907e-07
0.0036312499999999999 4.1491106230969975e-07
0.003634375 4.1430635723325834e-07
0.0036375000000000001 4.1370293748053091e-07
0.0036406250000000002 4.1310080000180159e-07
0.0036437500000000003 4.1249994175554833e-07
0.0036468749999999999 4.1190035970841935e-07
0.00365 4.1130205083520896e-07
0.0036531250000000001 4.1070501211883752e-07
0.0036562499999999998 4.1010924055031948e-07
0.0036593749999999999 4.0951473312875063e-07
0.0036625 4.0892148686127478e-07
0.003665625 4.0832949876307015e-07
0.0036687500000000001 4.077387658573156e-07
0.0036718750000000002 4.0714928517517583e-07
0.0036750000000000003 4.0656105375577342e-07
0.0036781250000000004 4.0597406864616974e-07
0.0036812500000000005 4.0538832690133747e-07
0.0036843750000000001 4.0480382558414063e-07
0.0036875000000000002 4.0422056176531018e-07
0.0036906250000000003 4.0363853252342279e-07
0.00369375 4.0305773494487965e-07
0.0036968750000000001 4.0247816612387699e-07
0.0037000000000000002 4.0189982316239116e-07
0.0037031250000000003 4.0132270317015146e-07
0.0037062500000000003 4.0074680326462244e-07
0.003709375 4.0017212057097319e-07
0.0037125000000000001 3.9959865222206534e-07
0.0037156250000000002 3.9902639535842225e-07
0.0037187499999999998 3.9845534712821251e-07
0.0037218749999999999 3.9788550468722511e-07
0.003725 3.9731686519884805e-07
0.0037281250000000001 3.9674942583404627e-07
0.0037312500000000002 3.9618318377134012e-07
0.0037343749999999998 3.9561813619678334e-07
0.0037374999999999999 3.9505428030394062e-07
0.003740625 3.9449161329386872e-07
0.0037437499999999997 3.9393013237509021e-07
0.0037468749999999998 3.9336983476357634e-07
0.0037499999999999999 3.9281071768272326e-07
0.003753125 3.9225277836333198e-07
0.00375625 3.9169601404358296e-07
0.0037593749999999997 3.9114042196902272e-07
0.0037624999999999998 3.9058599939253497e-07
0.0037656249999999999 3.9003274357432323e-07
0.0037687499999999995 3.8948065178188902e-07
0.0037718749999999996 3.889297212900096e-07
0.0037749999999999997 3.8837994938072152e-07
0.0037781249999999998 3.8783133334329469e-07
0.0037812499999999999 3.8728387047421126e-07
0.003784375 3.8673755807715111e-07
0.0037875000000000001 3.8619239346296427e-07
0.0037906250000000002 3.8564837394965394e-07
0.0037937500000000002 3.8510549686235451e-07
0.0037968749999999999 3.8456375953331272e-07
0.0038 3.8402315930186655e-07
0.0038031250000000001 3.8348369351442285e-07
0.0038062499999999997 3.8294535952443889e-07
0.0038093749999999998 3.824081546924025e-07
0.0038124999999999999 3.8187207638581348e-07
0.003815625 3.8133712197915647e-07
0.0038187500000000001 3.8080328885389056e-07
0.0038218750000000002 3.8027057439842124e-07
0.0038250000000000003 3.7973897600808618e-07
0.0038281250000000004 3.7920849108513057e-07
0.0038312500000000005 3.7867911703869143e-07
0.0038343750000000001 3.781508512847757e-07
0.0038375000000000002 3.7762369124624149e-07
0.0038406250000000003 3.7709763435277541e-07
0.0038437499999999999 3.7657267804087941e-07
0.003846875 3.7604881975384507e-07
0.0038500000000000001 3.7552605694173691e-07
0.0038531250000000002 3.7500438706137208e-07
0.0038562500000000003 3.7448380757630305e-07
0.003859375 3.7396431595679611e-07
0.0038625 3.7344590967981311e-07
0.0038656250000000001 3.729285862289926e-07
0.0038687499999999998 3.7241234309462805e-07
0.0038718749999999999 3.7189717777365487e-07
0.003875 3.7138308776962436e-07
0.0038781250000000001 3.7087007059269169e-07
0.0038812500000000002 3.7035812375958803e-07
0.0038843750000000002 3.6984724479361386e-07
0.0038875000000000003 3.6933743122460852e-07
0.0038906250000000004 3.6882868058893913e-07
0.0038937500000000005 3.6832099042947895e-07
0.0038968750000000002 3.6781435829558924e-07
0.0039000000000000003 3.6730878174310115e-07
0.0039031250000000003 3.6680425833429623e-07
0.00390625 3.6630078563789075e-07
0.0039093749999999997 3.6579836122901372e-07
0.0039125000000000002 3.6529698268919014e-07
0.0039156250000000007 3.647966476063245e-07
0.0039187500000000004 3.6429735357468039e-07
0.003921875 3.6379909819486324e-07
0.0039250000000000005 3.6330187907380142e-07
0.0039281250000000011 3.628056938247312e-07
0.0039312500000000007 3.6231054006717497e-07
0.0039343750000000004 3.6181641542692341e-07
0.0039375 3.6132331753602233e-07
0.0039406249999999997 3.6083124403275052e-07
0.0039437500000000002 3.603401925616042e-07
0.0039468750000000007 3.5985016077327648e-07
0.0039500000000000004 3.5936114632464299e-07
0.003953125 3.5887314687874455e-07
0.0039562500000000006 3.5838616010476619e-07
0.0039593750000000011 3.5790018367802195e-07
0.0039625000000000007 3.5741521527993908e-07
0.0039656250000000004 3.5693125259803702e-07
0.0039687500000000001 3.5644829332591265e-07
0.0039718749999999997 3.5596633516322131e-07
0.0039750000000000002 3.5548537581566379e-07
0.0039781250000000008 3.5500541299496411e-07
0.0039812500000000004 3.5452644441885298e-07
0.0039843750000000001 3.5404846781105561e-07
0.0039874999999999997 3.5357148090126866e-07
0.0039906249999999994 3.5309548142514841e-07
0.0039937499999999999 3.52620467124289e-07
0.0039968750000000004 3.5214643574621038e-07
0.0040000000000000001 3.5167338504433891e-07
0.0040031249999999997 3.5120131277798956e-07
0.0040062500000000003 3.5073021671235249e-07
0.0040093750000000008 3.5026009461847364e-07
0.0040125000000000004 3.4979094427324091e-07
0.0040156250000000001 3.4932276345936436e-07
0.0040187499999999998 3.488555499653613e-07
0.0040218749999999994 3.4838930158554182e-07
0.0040249999999999999 3.4792401611998832e-07
0.0040281250000000005 3.4745969137454305e-07
0.0040312500000000001 3.4699632516078981e-07
0.0040343749999999998 3.4653391529603842e-07
0.0040374999999999994 3.4607245960330811e-07
0.0040406249999999991 3.4561195591131172e-07
0.0040437499999999996 3.4515240205443909e-07
0.0040468750000000001 3.4469379587274336e-07
0.0040499999999999998 3.4423613521192121e-07
0.0040531249999999994 3.4377941792329924e-07
0.00405625 3.4332364186381882e-07
0.0040593750000000005 3.4286880489601872e-07
0.0040625000000000001 3.4241490488801993e-07
0.0040656249999999998 3.4196193971350923e-07
0.0040687500000000003 3.4150990725172609e-07
0.0040718750000000008 3.4105880538744332e-07
0.0040750000000000005 3.4060863201095329e-07
0.0040781250000000002 3.4015938501805434e-07
0.0040812500000000007 3.3971106231003026e-07
0.0040843750000000012 3.3926366179364179e-07
0.0040875000000000009 3.3881718138110559e-07
0.0040906250000000005 3.3837161899007878e-07
0.0040937500000000002 3.3792697254364955e-07
0.0040968749999999998 3.3748323997031592e-07
0.0041000000000000003 3.3704041920397103e-07
0.0041031250000000009 3.3659850818389241e-07
0.0041062500000000005 3.3615750485472354e-07
0.0041093750000000002 3.3571740716645749e-07
0.0041124999999999998 3.3527821307442545e-07
0.0041156249999999995 3.3483992053927949e-07
0.00411875 3.3440252752697799e-07
0.0041218750000000005 3.3396603200877126e-07
0.0041250000000000002 3.3353043196118612e-07
0.0041281249999999999 3.3309572536601087e-07
0.0041312500000000004 3.3266191021028287e-07
0.0041343750000000009 3.3222898448626962e-07
0.0041375000000000006 3.3179694619145838e-07
0.0041406250000000002 3.313657933285389e-07
0.0041437499999999999 3.3093552390538995e-07
0.0041468749999999995 3.3050613593506489e-07
0.00415 3.3007762743577449e-07
0.0041531250000000006 3.2964999643087844e-07
0.0041562500000000002 3.2922324094886498e-07
0.0041593749999999999 3.2879735902333876e-07
0.0041624999999999995 3.2837234869300802e-07
0.0041656249999999992 3.2794820800166853e-07
0.0041687499999999997 3.2752493499819023e-07
0.0041718750000000002 3.2710252773650051e-07
0.0041749999999999999 3.2668098427557617e-07
0.0041781249999999995 3.2626030267942106e-07
0.0041812500000000001 3.2584048101706015e-07
0.0041843750000000006 3.2542151736251979e-07
0.0041875000000000002 3.2500340979481484e-07
0.0041906249999999999 3.2458615639793952e-07
0.0041937499999999996 3.2416975526084579e-07
0.0041968749999999992 3.2375420447743444e-07
0.0041999999999999997 3.2333950214654054e-07
0.0042062499999999999 3.2251263526223613e-07
0.0042124999999999992 3.2168913949677187e-07
0.0042187499999999994 3.208689998170581e-07
0.0042249999999999996 3.2005220126763658e-07
0.0042312499999999998 3.1923872897025727e-07
0.0042374999999999999 3.184285681234421e-07
0.0042437500000000001 3.1762170400206183e-07
0.0042500000000000003 3.1681812195691309e-07
0.0042562500000000005 3.1601780741429756e-07
0.0042625000000000007 3.1522074587560023e-07
0.00426875 3.1442692291687854e-07
0.0042750000000000002 3.1363632418844524e-07
0.0042812500000000003 3.1284893541445814e-07
0.0042874999999999996 3.1206474239251306e-07
0.0042937499999999998 3.1128373099323575e-07
0.0043 3.1050588715988118e-07
0.0043062500000000002 3.0973119690792726e-07
0.0043125000000000004 3.0895964632468453e-07
0.0043187499999999997 3.0819122156888992e-07
0.0043249999999999999 3.0742590887032103e-07
0.00433125 3.0666369452940001e-07
0.0043374999999999993 3.0590456491680574e-07
0.0043437499999999995 3.0514850647308567e-07
0.0043499999999999997 3.0439550570827508e-07
0.0043562499999999999 3.0364554920150935e-07
0.0043625000000000001 3.0289862360064803e-07
0.0043687500000000002 3.0215471562189614e-07
0.0043750000000000004 3.0141381204942772e-07
0.0043812500000000006 3.0067589973501476e-07
0.0043875000000000008 2.999409655976525e-07
0.0043937500000000001 2.9920899662319613e-07
0.0044000000000000003 2.984799798639882e-07
0.0044062500000000004 2.9775390243850059e-07
0.0044124999999999998 2.9703075153096592e-07
0.0044187499999999999 2.9631051439102439e-07
0.0044250000000000001 2.9559317833335781e-07
0.0044312500000000003 2.9487873073734319e-07
0.0044375000000000005 2.9416715904669106e-07
0.0044437500000000007 2.9345845076909879e-07
0.0044500000000000008 2.9275259347590054e-07
0.004456250000000001 2.9204957480171696e-07
0.0044625000000000012 2.9134938244411521e-07
0.0044687500000000005 2.906520041632604e-07
0.0044750000000000007 2.8995742778157802e-07
0.0044812500000000009 2.8926564118341388e-07
0.0044875000000000002 2.8857663231469849e-07
0.0044937500000000003 2.8789038918260643e-07
0.0045000000000000005 2.8720689985523208e-07
0.0045062500000000007 2.8652615246125071e-07
0.0045125000000000009 2.8584813518959408e-07
0.0045187500000000002 2.8517283628912085e-07
0.0045250000000000004 2.8450024406829317e-07
0.0045312500000000006 2.8383034689485156e-07
0.0045374999999999999 2.8316313319549588e-07
0.00454375 2.8249859145556224e-07
0.0045500000000000002 2.8183671021870996e-07
0.0045562500000000004 2.8117747808660239e-07
0.0045625000000000006 2.8052088371859581e-07
0.0045687499999999999 2.7986691583142346e-07
0.0045750000000000001 2.7921556319889083e-07
0.0045812500000000003 2.7856681465156334e-07
0.0045874999999999996 2.7792065907646145e-07
0.0045937499999999997 2.7727708541675526e-07
0.0045999999999999999 2.7663608267146271e-07
0.0046062500000000001 2.759976398951487e-07
0.0046125000000000003 2.7536174619762431e-07
0.0046187499999999996 2.7472839074365163e-07
0.0046249999999999998 2.7409756275264483e-07
0.00463125 2.7346925149837916e-07
0.0046374999999999993 2.7284344630869751e-07
0.0046437499999999994 2.7222013656522112e-07
0.0046499999999999996 2.7159931170305726e-07
0.0046562499999999998 2.7098096121051702e-07
0.0046625 2.7036507462882654e-07
0.0046687500000000002 2.6975164155184426e-07
0.0046750000000000003 2.6914065162577854e-07
0.0046812500000000005 2.6853209454890838e-07
0.0046875000000000007 2.6792596007130329e-07
0.00469375 2.673222379945475e-07
0.0047000000000000002 2.6672091817146333e-07
0.0047062500000000004 2.6612199050583857e-07
0.0047124999999999997 2.6552544495215277e-07
0.0047187499999999999 2.6493127151530852e-07
0.004725 2.643394602503607e-07
0.0047312500000000002 2.6375000126224894e-07
0.0047375000000000004 2.6316288470553478e-07
0.0047437499999999997 2.6257810078413324e-07
0.0047499999999999999 2.6199563975105194e-07
0.0047562500000000001 2.6141549190812988e-07
0.0047624999999999994 2.6083764760577995e-07
0.0047687499999999996 2.602620972427244e-07
0.0047749999999999997 2.5968883126574659e-07
0.0047812499999999999 2.5911784016942925e-07
0.0047875000000000001 2.5854911449590313e-07
0.0047937499999999994 2.5798264483459532e-07
0.0047999999999999996 2.5741842182197875e-07
0.0048062499999999998 2.568564361413216e-07
0.0048124999999999991 2.5629667852244008e-07
0.0048187499999999992 2.5573913974145314e-07
0.0048249999999999994 2.5518381062053585e-07
0.0048312499999999996 2.5463068202767784e-07
0.0048374999999999998 2.5407974487643985e-07
0.00484375 2.5353099012571325e-07
0.0048500000000000001 2.5298440877948147e-07
0.0048562500000000003 2.5243999188658306e-07
0.0048625000000000005 2.5189773054047129e-07
0.0048687499999999998 2.513576158789866e-07
0.004875 2.5081963908411247e-07
0.0048812500000000002 2.5028379138175465e-07
0.0048874999999999995 2.4975006404150037e-07
0.0048937499999999997 2.4921844837639607e-07
0.0048999999999999998 2.4868893574271246e-07
0.00490625 2.4816151753972481e-07
0.0049125000000000002 2.4763618520948098e-07
0.0049187499999999995 2.4711293023658089e-07
0.0049249999999999997 2.4659174414795263e-07
0.0049312499999999999 2.4607261851263037e-07
0.0049374999999999992 2.4555554494153363e-07
0.0049437499999999994 2.4504051508724952e-07
0.0049499999999999995 2.4452752064381374e-07
0.0049562499999999997 2.4401655334649325e-07
0.0049624999999999999 2.4350760497157451e-07
0.0049687500000000001 2.430006673361441e-07
0.0049750000000000003 2.4249573229788183e-07
0.0049812500000000004 2.4199279175484206e-07
0.0049875000000000006 2.414918376452513e-07
0.0049937499999999999 2.4099286194729247e-07
0.0050000000000000001 2.4049585667890084e-07
0.0050062500000000003 2.400008138975552e-07
0.0050124999999999996 2.3950772570007438e-07
0.0050187499999999998 2.3901658422240965e-07
0.005025 2.3852738163944575e-07
0.0050312500000000001 2.3804011016479546e-07
0.0050375000000000003 2.3755476205060103e-07
0.0050437500000000005 2.3707132958733314e-07
0.0050500000000000007 2.3658980510359254e-07
0.0050562500000000008 2.3611018096591374e-07
0.005062500000000001 2.3563244957856756e-07
0.0050687500000000003 2.351566033833677e-07
0.0050750000000000005 2.3468263485947327e-07
0.0050812500000000007 2.3421053652320181e-07
0.0050875 2.3374030092783174e-07
0.0050937500000000002 2.3327192066341624e-07
0.0051000000000000004 2.3280538835658812e-07
0.0051062500000000005 2.3234069667037998e-07
0.0051125000000000007 2.3187783830402789e-07
0.00511875 2.3141680599279167e-07
0.0051250000000000002 2.3095759250776645e-07
0.0051312500000000004 2.3050019065569957e-07
0.0051374999999999997 2.3004459327880685e-07
0.0051437499999999999 2.2959079325459163e-07
0.0051500000000000001 2.2913878349566386e-07
0.0051562500000000002 2.2868855694955892e-07
0.0051625000000000004 2.2824010659856075e-07
0.0051687499999999997 2.2779342545952132e-07
0.0051749999999999999 2.2734850658368618e-07
0.0051812500000000001 2.2690534305651791e-07
0.0051874999999999994 2.2646392799752215e-07
0.0051937499999999996 2.2602425456007103e-07
0.0051999999999999998 2.2558631593123517e-07
0.0052062499999999999 2.251501053316056e-07
0.0052125000000000001 2.2471561601512972e-07
0.0052187499999999994 2.2428284126893715e-07
0.0052249999999999996 2.2385177441317233e-07
0.0052312499999999998 2.2342240880082457e-07
0.0052374999999999991 2.2299473781756649e-07
0.0052437499999999993 2.2256875488158066e-07
0.0052499999999999995 2.2214445344340204e-07
0.0052562499999999996 2.2172182698574855e-07
0.0052624999999999998 2.2130086902335985e-07
0.00526875 2.2088157310283604e-07
0.0052750000000000002 2.2046393280247438e-07
0.0052812500000000004 2.2004794173211216e-07
0.0052875000000000005 2.1963359353296356e-07
0.0052937499999999998 2.1922088187746392e-07
0.0053 2.1880980046911075e-07
0.0053062500000000002 2.1840034304230847e-07
0.0053124999999999995 2.1799250336220953e-07
0.0053187499999999997 2.1758627522456537e-07
0.0053249999999999999 2.1718165245556505e-07
0.0053312500000000001 2.1677862891168852e-07
0.0053375000000000002 2.1637719847955041e-07
0.0053437500000000004 2.1597735507575131e-07
0.0053500000000000006 2.1557909264672418e-07
0.0053562500000000008 2.1518240516858826e-07
0.0053625000000000009 2.1478728664699837e-07
0.0053687500000000003 2.1439373111699564e-07
0.0053750000000000004 2.1400173264286391e-07
0.0053812500000000006 2.1361128531798005e-07
0.0053874999999999999 2.132223832646724e-07
0.0053937500000000001 2.1283502063407077e-07
0.0054000000000000003 2.1244919160596854e-07
0.0054062500000000005 2.1206489038867468e-07
0.0054125000000000006 2.1168211121887589e-07
0.00541875 2.1130084836149256e-07
0.0054250000000000001 2.1092109610953914e-07
0.0054312500000000003 2.1054284878398356e-07
0.0054374999999999996 2.1016610073361118e-07
0.0054437499999999998 2.0979084633488226e-07
0.00545 2.0941707999179945e-07
0.0054562500000000002 2.0904479613576692e-07
0.0054625000000000003 2.0867398922545769e-07
0.0054687500000000005 2.0830465374667675e-07
0.0054750000000000007 2.0793678421222805e-07
0.0054812500000000009 2.0757037516178118e-07
0.0054875000000000011 2.0720542116173655e-07
0.0054937500000000004 2.0684191680509691e-07
0.0055000000000000005 2.0647985671133238e-07
0.0055062500000000007 2.0611923552625426e-07
0.0055125 2.0576004792187987e-07
0.0055187500000000002 2.0540228859631023e-07
0.0055250000000000004 2.0504595227359482e-07
0.0055312500000000006 2.0469103370361084e-07
0.0055375000000000008 2.0433752766193107e-07
0.0055437500000000009 2.0398542894970102e-07
0.0055500000000000011 2.0363473239351183e-07
0.0055562500000000013 2.0328543284527685e-07
0.0055625000000000015 2.0293752518210823e-07
0.0055687500000000008 2.0259100430618995e-07
0.005575000000000001 2.0224586514466175e-07
0.0055812500000000011 2.019021026494901e-07
0.0055875000000000005 2.0155971179735391e-07
0.0055937500000000006 2.0121868758951884e-07
0.0056000000000000008 2.0087902505172091e-07
0.005606250000000001 2.0054071923404416e-07
0.0056125000000000012 2.002037652108071e-07
0.0056187500000000005 1.9986815808043996e-07
0.0056250000000000007 1.9953389296537128e-07
0.0056312500000000008 1.9920096501190845e-07
0.0056375000000000001 1.9886936939012569e-07
0.0056437500000000003 1.9853910129374449e-07
0.0056500000000000005 1.9821015594002494e-07
0.0056562500000000007 1.9788252856964578e-07
0.0056625000000000009 1.9755621444659535e-07
0.0056687500000000002 1.9723120885805837e-07
0.0056750000000000004 1.9690750711430298e-07
0.0056812500000000005 1.9658510454857103e-07
0.0056874999999999998 1.9626399651696647e-07
0.00569375 1.9594417839834542e-07
0.0057000000000000002 1.9562564559420739e-07
0.0057062500000000004 1.9530839352858727e-07
0.0057125000000000006 1.9499241764794413e-07
0.0057187499999999999 1.9467771342105948e-07
0.0057250000000000001 1.943642763389229e-07
0.0057312500000000002 1.9405210191463305e-07
0.0057374999999999995 1.93741185683287e-07
0.0057437499999999997 1.9343152320187749e-07
0.0057499999999999999 1.9312311004918808e-07
0.0057562500000000001 1.9281594182569012e-07
0.0057625000000000003 1.9251001415343596e-07
0.0057687499999999996 1.9220532267596217e-07
0.0057749999999999998 1.9190186305818079e-07
0.0057812499999999999 1.9159963098628424e-07
0.0057874999999999992 1.9129862216763918e-07
0.0057937499999999994 1.9099883233068971e-07
0.0057999999999999996 1.9070025722485436e-07
0.0058062499999999998 1.9040289262043035e-07
0.0058125 1.9010673430849211e-07
0.0058187499999999993 1.898117781007949e-07
0.0058249999999999994 1.8951801982967637e-07
0.0058312499999999996 1.8922545534795924e-07
0.0058374999999999989 1.8893408052885623e-07
0.0058437499999999991 1.8864389126587253e-07
0.0058499999999999993 1.8835488347271188e-07
0.0058562499999999995 1.8806705308318083e-07
0.0058624999999999997 1.8778039605109423e-07
0.0058687499999999998 1.8749490835018209e-07
0.005875 1.872105859739981e-07
0.0058812500000000002 1.8692742493582118e-07
0.0058875000000000004 1.866454212685715e-07
0.0058937499999999997 1.8636457102471115e-07
0.0058999999999999999 1.8608487027615841e-07
0.00590625 1.8580631511419462e-07
0.0059124999999999994 1.8552890164937445e-07
0.0059187499999999995 1.8525262601143631e-07
0.0059249999999999997 1.8497748434921362e-07
0.0059312499999999999 1.8470347283054659e-07
0.0059375000000000001 1.8443058764219315e-07
0.0059437500000000002 1.8415882498974177e-07
0.0059500000000000004 1.8388818109752465e-07
0.0059562500000000006 1.8361865220853213e-07
0.0059625000000000008 1.8335023458432249e-07
0.0059687500000000001 1.8308292450494327e-07
0.0059750000000000003 1.8281671826883907e-07
0.0059812500000000005 1.8255161219277239e-07
0.0059874999999999998 1.8228760261173546e-07
0.0059937499999999999 1.8202468587886988e-07
0.0060000000000000001 1.8176285836537973e-07
0.0060062500000000003 1.8150211646045339e-07
0.0060125000000000005 1.8124245657117826e-07
0.0060187499999999998 1.8098387512245836e-07
0.006025 1.8072636855693624e-07
0.0060312500000000002 1.8046993333490854e-07
0.0060374999999999995 1.8021456593424797e-07
0.0060437499999999996 1.7996026285032293e-07
0.0060499999999999998 1.7970702059591751e-07
0.00605625 1.7945483570115201e-07
0.0060625000000000002 1.7920370471340673e-07
0.0060687499999999995 1.7895362419724056e-07
0.0060749999999999997 1.7870459073431584e-07
0.0060812499999999999 1.784566009233197e-07
0.0060874999999999992 1.7820965137988825e-07
0.0060937499999999993 1.7796373873652921e-07
0.0060999999999999995 1.7771885964254736e-07
0.0061062499999999997 1.7747501076396663e-07
0.0061124999999999999 1.7723218878345852e-07
0.0061187499999999992 1.7699039040026323e-07
0.0061249999999999994 1.7674961233012075e-07
0.0061312499999999995 1.7650985130519103e-07
0.0061374999999999989 1.7627110407398604e-07
0.006143749999999999 1.7603336740129245e-07
0.0061499999999999992 1.7579663806810294e-07
0.0061562499999999994 1.7556091287154043e-07
0.0061624999999999996 1.7532618862479002e-07
0.0061687499999999998 1.7509246215702424e-07
0.0061749999999999999 1.7485973031333437e-07
0.0061812500000000001 1.7462798995466014e-07
0.0061875000000000003 1.7439723795771705e-07
0.0061937499999999996 1.741674712149306e-07
0.0061999999999999998 1.7393868663436294e-07
0.00620625 1.7371088113964773e-07
0.0062124999999999993 1.7348405166991825e-07
0.0062187499999999995 1.7325819517974261e-07
0.0062249999999999996 1.7303330863905257e-07
0.0062312499999999998 1.7280938903308019e-07
0.0062375 1.7258643336228585e-07
0.0062437500000000002 1.7236443864229751e-07
0.0062500000000000003 1.7214340190383967e-07
0.0062562500000000005 1.7192332019267016e-07
0.0062625000000000007 1.7170419056951469e-07
0.00626875 1.7148601011000003e-07
0.0062750000000000002 1.7126877590459117e-07
0.0062812500000000004 1.710524850585264e-07
0.0062874999999999997 1.7083713469175425e-07
0.0062937499999999999 1.7062272193886675e-07
0.0063 1.7040924394904158e-07
0.0063062500000000002 1.7019669788597329e-07
0.0063125000000000004 1.6998508092781678e-07
0.0063187499999999997 1.6977439026711921e-07
0.0063249999999999999 1.6956462311076436e-07
0.0063312500000000001 1.693557766799052e-07
0.0063374999999999994 1.6914784820990872e-07
0.0063437499999999996 1.6894083495028982e-07
0.0063499999999999997 1.6873473416465529e-07
0.0063562499999999999 1.6852954313064114e-07
0.0063625000000000001 1.6832525913985465e-07
0.0063687500000000003 1.6812187949781393e-07
0.0063750000000000005 1.6791940152388888e-07
0.0063812500000000006 1.6771782255124524e-07
0.0063875000000000008 1.6751713992678055e-07
0.0063937500000000001 1.6731735101107394e-07
0.0064000000000000003 1.6711845317832111e-07
0.0064062500000000005 1.6692044381628338e-07
0.0064124999999999998 1.6672332032622513e-07
0.00641875 1.6652708012286305e-07
0.0064250000000000002 1.6633172063430301e-07
0.0064312500000000003 1.6613723930199175e-07
0.0064375000000000005 1.6594363358065454e-07
0.0064437500000000007 1.6575090093824484e-07
0.0064500000000000009 1.6555903885588588e-07
0.0064562500000000011 1.6536804482781769e-07
0.0064625000000000012 1.6517791636134448e-07
0.0064687500000000005 1.6498865097677534e-07
0.0064750000000000007 1.6480024620737671e-07
0.0064812500000000009 1.6461269959931505e-07
0.0064875000000000002 1.6442600871160558e-07
0.0064937500000000004 1.6424017111605837e-07
0.0065000000000000006 1.6405518439722764e-07
0.0065062500000000007 1.6387104615235625e-07
0.0065125000000000009 1.6368775399132835e-07
0.0065187500000000002 1.6350530553661488e-07
0.0065250000000000004 1.6332369842322306e-07
0.0065312500000000006 1.6314293029864524e-07
0.0065374999999999999 1.6296299882280931e-07
0.0065437500000000001 1.6278390166802666e-07
0.0065500000000000003 1.6260563651894476e-07
0.0065562500000000004 1.6242820107249447e-07
0.0065625000000000006 1.6225159303784281e-07
0.0065687499999999999 1.6207581013634255e-07
0.0065750000000000001 1.6190085010148445e-07
0.0065812500000000003 1.6172671067884787e-07
0.0065874999999999996 1.6155338962605248e-07
0.0065937499999999998 1.61380884712711e-07
0.0066 1.6120919372038128e-07
0.0066062500000000001 1.6103831444251854e-07
0.0066125000000000003 1.6086824468442787e-07
0.0066187499999999996 1.6069898226321971e-07
0.0066249999999999998 1.6053052500775927e-07
0.00663125 1.6036287075862425e-07
0.0066374999999999993 1.6019601736805662e-07
0.0066437499999999995 1.6002996269991707e-07
0.0066499999999999997 1.5986470462963998e-07
0.0066562499999999998 1.5970024104418982e-07
0.0066625 1.5953656984201127e-07
0.0066687500000000002 1.5937368893299145e-07
0.0066750000000000004 1.5921159623840939e-07
0.0066812500000000006 1.590502896908964e-07
0.0066875000000000007 1.5888976723438902e-07
0.00669375 1.5873002682408741e-07
0.0067000000000000002 1.5857106642641182e-07
0.0067062500000000004 1.5841288401895824e-07
0.0067124999999999997 1.582554775904584e-07
0.0067187499999999999 1.580988451407334e-07
0.0067250000000000001 1.5794298468065439e-07
0.0067312500000000003 1.577878942320996e-07
0.0067375000000000004 1.576335718279133e-07
0.0067437500000000006 1.5748001551186225e-07
0.0067500000000000008 1.5732722333859761e-07
0.006756250000000001 1.5717519337361082e-07
0.0067625000000000011 1.570239236931948e-07
0.0067687500000000005 1.5687341238440337e-07
0.0067750000000000006 1.5672365754501022e-07
0.0067812500000000008 1.5657465728346904e-07
0.0067875000000000001 1.564264097188744e-07
0.0067937500000000003 1.5627891298092217e-07
0.0068000000000000005 1.561321652098697e-07
0.0068062500000000007 1.5598616455649722e-07
0.0068125000000000008 1.558409091820684e-07
0.0068187500000000002 1.5569639725829373e-07
0.0068250000000000003 1.5555262696728943e-07
0.0068312500000000005 1.5540959650154274e-07
0.0068374999999999998 1.552673040638701e-07
0.00684375 1.5512574786738317e-07
0.0068500000000000002 1.5498492613545002e-07
0.0068562500000000004 1.5484483710165798e-07
0.0068625000000000005 1.5470547900977648e-07
0.0068687500000000007 1.545668501137215e-07
0.0068750000000000009 1.5442894867751784e-07
0.0068812500000000011 1.5429177297526435e-07
0.0068875000000000013 1.5415532129109679e-07
0.0068937500000000006 1.5401959191915245e-07
0.0069000000000000008 1.5388458316353525e-07
0.0069062500000000009 1.5375029333827924e-07
0.0069125000000000002 1.5361672076731575e-07
0.0069187500000000004 1.5348386378443568e-07
0.0069250000000000006 1.5335172073325763e-07
0.0069312500000000008 1.5322028996719067e-07
0.006937500000000001 1.5308956984940414e-07
0.0069437500000000011 1.5295955875278878e-07
0.0069500000000000013 1.5283025505992843e-07
0.0069562500000000015 1.5270165716306116e-07
0.0069625000000000017 1.5257376346405038e-07
0.006968750000000001 1.5244657237434933e-07
0.0069750000000000012 1.5232008231496873e-07
0.0069812500000000013 1.5219429171644478e-07
0.0069875000000000007 1.5206919901880576e-07
0.0069937500000000008 1.5194480267154103e-07
0.007000000000000001 1.5182110113356785e-07
0.0070062500000000012 1.516980928732001e-07
0.0070125000000000014 1.5157577636811648e-07
0.0070187500000000007 1.5145415010533118e-07
0.0070250000000000009 1.5133321258115759e-07
0.007031250000000001 1.5121296230118423e-07
0.0070375000000000004 1.5109339778023799e-07
0.0070437500000000005 1.5097451754235698e-07
0.0070500000000000007 1.5085632012075911e-07
0.00705625 1.5073880405781282e-07
0.0070625000000000002 1.5062196790500499e-07
0.0070687500000000004 1.5050581022291462e-07
0.0070749999999999997 1.5039032958117918e-07
0.0070812499999999999 1.5027552455846916e-07
0.0070875 1.5016139374245594e-07
0.0070937499999999994 1.5004793572978577e-07
0.0070999999999999995 1.4993514912604791e-07
0.0071062499999999997 1.4982303254574872e-07
0.007112499999999999 1.4971158461228061e-07
0.0071187499999999992 1.496008039578979e-07
0.0071249999999999994 1.4949068922368378e-07
0.0071312499999999996 1.4938123905952781e-07
0.0071374999999999997 1.4927245212409349e-07
0.0071437499999999999 1.4916432708479466e-07
0.0071500000000000001 1.4905686261776637e-07
0.0071562500000000003 1.4895005740783772e-07
0.0071625000000000005 1.4884391014850724e-07
0.0071687499999999998 1.4873841954191268e-07
0.007175 1.4863358429880832e-07
0.0071812500000000001 1.4852940313853525e-07
0.0071874999999999994 1.4842587478899939e-07
0.0071937499999999996 1.4832299798664064e-07
0.0071999999999999998 1.4822077147641276e-07
0.00720625 1.4811919401175157e-07
0.0072125000000000002 1.4801826435455664e-07
0.0072187499999999995 1.4791798127515884e-07
0.0072249999999999997 1.4781834355230284e-07
0.0072312499999999998 1.4771934997311483e-07
0.0072374999999999991 1.4762099933308532e-07
0.0072437499999999993 1.475232904360377e-07
0.0072499999999999995 1.474262220941102e-07
0.0072562499999999997 1.4732979312772653e-07
0.0072624999999999999 1.4723400236557644e-07
0.00726875 1.4713884864458933e-07
0.0072750000000000002 1.4704433080991121e-07
0.0072812500000000004 1.4695044771488258e-07
0.0072875000000000006 1.4685719822101232e-07
0.0072937499999999999 1.4676458119795882e-07
0.0073000000000000001 1.4667259552350331e-07
0.0073062500000000002 1.4658124008353034e-07
0.0073124999999999996 1.4649051377200231e-07
0.0073187499999999997 1.4640041549094052e-07
0.0073249999999999999 1.463109441503988e-07
0.0073312500000000001 1.4622209866844662e-07
0.0073375000000000003 1.4613387797114197e-07
0.0073437500000000005 1.4604628099251471e-07
0.0073500000000000006 1.4595930667454153e-07
0.0073562500000000008 1.4587295396712556e-07
0.007362500000000001 1.4578722182807697e-07
0.0073687500000000003 1.4570210922308933e-07
0.0073750000000000005 1.4561761512572061e-07
0.0073812500000000007 1.4553373851737232e-07
0.0073875 1.4545047838726858e-07
0.0073937500000000001 1.4536783373243557e-07
0.0074000000000000003 1.4528580355768334e-07
0.0074062500000000005 1.4520438687558236e-07
0.0074125000000000007 1.4512358270644752e-07
0.00741875 1.4504339007831492e-07
0.0074250000000000002 1.4496380802692648e-07
0.0074312500000000004 1.4488483559570573e-07
0.0074374999999999997 1.4480647183574411e-07
0.0074437499999999998 1.4472871580577566e-07
0.00745 1.4465156657216507e-07
0.0074562500000000002 1.4457502320888289e-07
0.0074625000000000004 1.4449908479749122e-07
0.0074687499999999997 1.4442375042712334e-07
0.0074749999999999999 1.4434901919446591e-07
0.0074812500000000001 1.4427489020374068e-07
0.0074874999999999994 1.4420136256668722e-07
0.0074937499999999995 1.4412843540254507e-07
0.0074999999999999997 1.4405610783803565e-07
0.0075062499999999999 1.4398437900734489e-07
0.0075125000000000001 1.439132480521065e-07
0.0075187499999999994 1.43842714121385e-07
0.0075249999999999996 1.4377277637165729e-07
0.0075312499999999998 1.4370343396679735e-07
0.0075374999999999991 1.4363468607805941e-07
0.0075437499999999992 1.4356653188406075e-07
0.0075499999999999994 1.4349897057076508e-07
0.0075562499999999996 1.4343200133146915e-07
0.0075624999999999998 1.4336562336678181e-07
0.00756875 1.4329983588461228e-07
0.0075750000000000001 1.43234638100153e-07
0.0075812500000000003 1.4317002923586366e-07
0.0075875000000000005 1.4310600852145607e-07
0.0075937499999999998 1.4304257519387836e-07
0.0076 1.4297972849730151e-07
0.0076062500000000002 1.4291746768310196e-07
0.0076124999999999995 1.4285579200984833e-07
0.0076187499999999997 1.427947007432869e-07
0.0076249999999999998 1.4273419315632509e-07
0.00763125 1.4267426852901974e-07
0.0076375000000000002 1.4261492614856088e-07
0.0076437500000000004 1.4255616530925807e-07
0.0076500000000000005 1.42497985312527e-07
0.0076562500000000007 1.4244038546687463e-07
0.0076625000000000009 1.4238336508788667e-07
0.0076687500000000002 1.4232692349821315e-07
0.0076750000000000004 1.4227106002755493e-07
0.0076812500000000006 1.422157740126514e-07
0.0076874999999999999 1.4216106479726621e-07
0.0076937500000000001 1.4210693173217502e-07
0.0077000000000000002 1.420533741751528e-07
0.0077062500000000004 1.4200039149096043e-07
0.0077125000000000006 1.4194798305133233e-07
0.0077187499999999999 1.4189614823496492e-07
0.0077250000000000001 1.4184488642750223e-07
0.0077312500000000003 1.4179419702152729e-07
0.0077374999999999996 1.4174407941654613e-07
0.0077437499999999998 1.4169453301897854e-07
0.0077499999999999999 1.4164555724214563e-07
0.0077562500000000001 1.4159715150625869e-07
0.0077625000000000003 1.4154931523840618e-07
0.0077687500000000005 1.4150204787254471e-07
0.0077750000000000007 1.4145534884948631e-07
0.0077812500000000008 1.4140921761688773e-07
0.007787500000000001 1.413636536292395e-07
0.0077937500000000003 1.4131865634785549e-07
0.0078000000000000005 1.4127422524086242e-07
0.0078062500000000007 1.4123035978318861e-07
0.0078125 1.4118705945655482e-07
0.0078187499999999993 1.4114432374946239e-07
0.0078250000000000004 1.4110215215718463e-07
0.0078312500000000014 1.4106054418175634e-07
0.0078375000000000007 1.4101949933196485e-07
0.00784375 1.4097901712333723e-07
0.0078500000000000011 1.4093909707813646e-07
0.0078562500000000021 1.4089973872534552e-07
0.0078625000000000014 1.4086094160066286e-07
0.0078687500000000007 1.4082270524649167e-07
0.0078750000000000001 1.4078502921193085e-07
0.0078812499999999994 1.4074791305276471e-07
0.0078875000000000004 1.4071135633145878e-07
0.0078937500000000015 1.4067535861714528e-07
0.0079000000000000008 1.4063991948561867e-07
0.0079062500000000001 1.4060503851932608e-07
0.0079125000000000011 1.4057071530735927e-07
0.0079187500000000022 1.4053694944544699e-07
0.0079250000000000015 1.4050374053594552e-07
0.0079312500000000008 1.4047108818783296e-07
0.0079375000000000001 1.4043899201669918e-07
0.0079437499999999994 1.4040745164474072e-07
0.0079500000000000005 1.4037646670075211e-07
0.0079562500000000015 1.4034603682011858e-07
0.0079625000000000008 1.4031616164480904e-07
0.0079687500000000001 1.402868408233688e-07
0.0079749999999999995 1.4025807401091348e-07
0.0079812499999999988 1.40229860869121e-07
0.0079874999999999998 1.4020220106622669e-07
0.0079937500000000009 1.4017509427701547e-07
0.0080000000000000002 1.4014854018281485e-07
0.0080062499999999995 1.4012253847149103e-07
0.0080125000000000005 1.4009708883744021e-07
0.0080187500000000016 1.4007219098158422e-07
0.0080250000000000009 1.4004784461136477e-07
0.0080312500000000002 1.4002404944073584e-07
0.0080375000000000012 1.4000080519016066e-07
0.0080437500000000023 1.3997811158660429e-07
0.0080500000000000016 1.3995596836352939e-07
0.0080562500000000009 1.3993437526089033e-07
0.008062500000000002 1.399133320251284e-07
0.008068750000000003 1.3989283840916651e-07
0.0080750000000000023 1.3987289417240457e-07
0.0080812500000000016 1.3985349908071598e-07
0.0080875000000000009 1.3983465290644081e-07
0.0080937500000000002 1.3981635542838226e-07
0.0081000000000000013 1.3979860643180402e-07
0.0081062500000000023 1.3978140570842253e-07
0.0081125000000000017 1.3976475305640603e-07
0.008118750000000001 1.3974864828037069e-07
0.0081250000000000003 1.3973309119137302e-07
0.0081312499999999996 1.3971808160691092e-07
0.0081375000000000006 1.3970361935091748e-07
0.0081437500000000017 1.3968970425375692e-07
0.008150000000000001 1.3967633615222428e-07
0.0081562500000000003 1.3966351488953908e-07
0.0081625000000000014 1.3965124031534362e-07
0.0081687500000000024 1.3963951228570014e-07
0.0081750000000000017 1.3962833066308848e-07
0.008181250000000001 1.3961769531640088e-07
0.0081875000000000003 1.3960760612094309e-07
0.0081937499999999996 1.395980629584295e-07
0.0082000000000000007 1.3958906571698106e-07
0.0082062500000000017 1.3958061429112402e-07
0.008212500000000001 1.395727085817871e-07
0.0082187500000000004 1.3956534849629943e-07
0.0082249999999999997 1.3955853394838937e-07
0.008231249999999999 1.3955226485818309e-07
0.0082375 1.3954654115220108e-07
0.0082437500000000011 1.3954136276335941e-07
0.0082500000000000004 1.3953672963096663e-07
0.0082562499999999997 1.3953264170072297e-07
0.0082625000000000007 1.3952909892471915e-07
0.0082687500000000018 1.395261012614359e-07
0.0082750000000000011 1.395236486757434e-07
0.0082812500000000004 1.3952174113889859e-07
0.0082874999999999997 1.3952037862854841e-07
0.008293749999999999 1.3951956112872473e-07
0.0083000000000000001 1.395192886298482e-07
0.0083062500000000011 1.3951956112872473e-07
0.0083125000000000004 1.3952037862854841e-07
0.0083187499999999998 1.3952174113889859e-07
0.0083249999999999991 1.3952364867574316e-07
0.0083312499999999984 1.395261012614359e-07
0.0083374999999999994 1.3952909892471915e-07
0.0083437500000000005 1.3953264170072297e-07
0.0083499999999999998 1.3953672963096687e-07
0.0083562499999999991 1.3954136276335941e-07
0.0083625000000000001 1.3954654115220108e-07
0.0083687500000000012 1.3955226485818309e-07
0.0083750000000000005 1.3955853394838937e-07
0.0083812499999999998 1.3956534849629943e-07
0.0083874999999999991 1.3957270858178733e-07
0.0083937499999999984 1.3958061429112402e-07
0.0083999999999999995 1.395890657169813e-07
0.0084062500000000005 1.395980629584295e-07
0.0084124999999999998 1.3960760612094309e-07
0.0084187499999999992 1.3961769531640088e-07
0.0084249999999999985 1.3962833066308825e-07
0.0084312499999999978 1.3963951228570038e-07
0.0084374999999999988 1.3965124031534362e-07
0.0084437499999999999 1.3966351488953935e-07
0.0084499999999999992 1.3967633615222428e-07
0.0084562499999999985 1.3968970425375716e-07
0.0084624999999999995 1.3970361935091724e-07
0.0084687500000000006 1.3971808160691113e-07
0.0084749999999999999 1.3973309119137302e-07
0.0084812499999999992 1.3974864828037069e-07
0.0084875000000000003 1.3976475305640627e-07
0.0084937500000000013 1.3978140570842229e-07
0.0085000000000000006 1.3979860643180402e-07
0.0085062499999999999 1.3981635542838252e-07
0.008512500000000001 1.3983465290644107e-07
0.008518750000000002 1.3985349908071624e-07
0.0085250000000000013 1.3987289417240457e-07
0.0085312500000000006 1.3989283840916624e-07
0.0085375 1.399133320251284e-07
0.0085437499999999993 1.3993437526089033e-07
0.0085500000000000003 1.3995596836352939e-07
0.0085562500000000014 1.3997811158660429e-07
0.0085625000000000007 1.4000080519016066e-07
0.00856875 1.400240494407356e-07
0.0085749999999999993 1.4004784461136477e-07
0.0085812499999999986 1.4007219098158446e-07
0.0085874999999999996 1.4009708883744021e-07
0.0085937500000000007 1.4012253847149103e-07
0.0086 1.4014854018281509e-07
0.0086062499999999993 1.4017509427701547e-07
0.0086125000000000004 1.4020220106622669e-07
0.0086187500000000014 1.40229860869121e-07
0.0086250000000000007 1.4025807401091324e-07
0.00863125 1.402868408233688e-07
0.0086374999999999993 1.4031616164480904e-07
0.0086437499999999987 1.4034603682011858e-07
0.0086499999999999997 1.4037646670075211e-07
0.0086562500000000007 1.4040745164474072e-07
0.0086625000000000001 1.4043899201669894e-07
0.0086687499999999994 1.404710881878327e-07
0.0086749999999999987 1.4050374053594552e-07
0.008681249999999998 1.4053694944544699e-07
0.008687499999999999 1.4057071530735927e-07
0.0086937500000000001 1.4060503851932608e-07
0.0086999999999999994 1.4063991948561841e-07
0.0087062499999999987 1.4067535861714528e-07
0.0087124999999999998 1.4071135633145878e-07
0.0087187500000000008 1.4074791305276498e-07
0.0087250000000000001 1.4078502921193058e-07
0.0087312499999999994 1.4082270524649167e-07
0.0087375000000000005 1.4086094160066312e-07
0.0087437500000000015 1.4089973872534552e-07
0.0087500000000000008 1.4093909707813646e-07
0.0087562500000000001 1.4097901712333723e-07
0.0087625000000000012 1.4101949933196458e-07
0.0087687500000000022 1.4106054418175684e-07
0.0087750000000000015 1.4110215215718439e-07
0.0087812500000000009 1.4114432374946239e-07
0.0087875000000000002 1.4118705945655482e-07
0.0087937499999999995 1.4123035978318861e-07
0.0088000000000000005 1.4127422524086242e-07
0.0088062500000000016 1.4131865634785572e-07
0.0088125000000000009 1.4136365362923924e-07
0.0088187500000000002 1.4140921761688773e-07
0.0088249999999999995 1.4145534884948631e-07
0.0088312499999999988 1.4150204787254471e-07
0.0088374999999999999 1.4154931523840618e-07
0.0088437500000000009 1.4159715150625869e-07
0.0088500000000000002 1.4164555724214563e-07
0.0088562499999999995 1.4169453301897854e-07
0.0088625000000000006 1.4174407941654589e-07
0.0088687500000000016 1.4179419702152729e-07
0.0088750000000000009 1.4184488642750247e-07
0.0088812500000000003 1.4189614823496492e-07
0.0088874999999999996 1.4194798305133233e-07
0.0088937499999999989 1.4200039149096043e-07
0.0088999999999999999 1.420533741751528e-07
0.008906250000000001 1.4210693173217478e-07
0.0089125000000000003 1.4216106479726621e-07
0.0089187499999999996 1.422157740126514e-07
0.0089249999999999989 1.4227106002755467e-07
0.0089312499999999982 1.4232692349821315e-07
0.0089374999999999993 1.4238336508788667e-07
0.0089437500000000003 1.4244038546687463e-07
0.0089499999999999996 1.42497985312527e-07
0.0089562499999999989 1.4255616530925807e-07
0.0089625 1.4261492614856088e-07
0.008968750000000001 1.4267426852901974e-07
0.0089750000000000003 1.4273419315632509e-07
0.0089812499999999997 1.4279470074328666e-07
0.0089875000000000007 1.4285579200984833e-07
0.0089937500000000017 1.4291746768310222e-07
0.0090000000000000011 1.4297972849730151e-07
0.0090062500000000004 1.4304257519387836e-07
0.0090125000000000014 1.4310600852145584e-07
0.0090187500000000025 1.4317002923586366e-07
0.0090250000000000018 1.43234638100153e-07
0.0090312500000000011 1.4329983588461255e-07
0.0090375000000000004 1.4336562336678181e-07
0.0090437499999999997 1.4343200133146891e-07
0.0090500000000000008 1.4349897057076532e-07
0.0090562500000000018 1.4356653188406075e-07
0.0090625000000000011 1.4363468607805914e-07
0.0090687500000000004 1.4370343396679735e-07
0.0090749999999999997 1.4377277637165729e-07
0.009081249999999999 1.4384271412138474e-07
0.0090875000000000001 1.439132480521065e-07
0.0090937500000000011 1.4398437900734489e-07
0.0091000000000000004 1.4405610783803539e-07
0.0091062499999999998 1.4412843540254531e-07
0.0091125000000000008 1.4420136256668749e-07
0.0091187500000000019 1.4427489020374045e-07
0.0091250000000000012 1.4434901919446591e-07
0.0091312500000000005 1.4442375042712334e-07
0.0091374999999999998 1.4449908479749122e-07
0.0091437499999999991 1.4457502320888313e-07
0.0091500000000000001 1.4465156657216507e-07
0.0091562500000000012 1.4472871580577566e-07
0.0091625000000000005 1.4480647183574385e-07
0.0091687499999999998 1.4488483559570599e-07
0.0091749999999999991 1.4496380802692622e-07
0.0091812499999999984 1.4504339007831518e-07
0.0091874999999999995 1.4512358270644725e-07
0.0091937500000000005 1.4520438687558236e-07
0.0091999999999999998 1.4528580355768334e-07
0.0092062499999999992 1.4536783373243583e-07
0.0092125000000000002 1.4545047838726858e-07
0.0092187500000000012 1.4553373851737232e-07
0.0092250000000000006 1.4561761512572061e-07
0.0092312499999999999 1.4570210922308933e-07
0.0092375000000000009 1.4578722182807697e-07
0.009243750000000002 1.4587295396712582e-07
0.0092500000000000013 1.4595930667454127e-07
0.0092562500000000006 1.4604628099251498e-07
0.0092625000000000016 1.4613387797114197e-07
0.0092687500000000027 1.4622209866844612e-07
0.009275000000000002 1.4631094415039907e-07
0.0092812500000000013 1.4640041549094025e-07
0.0092875000000000006 1.4649051377200231e-07
0.0092937499999999999 1.4658124008353034e-07
0.009300000000000001 1.4667259552350331e-07
0.009306250000000002 1.4676458119795855e-07
0.0093125000000000013 1.4685719822101232e-07
0.0093187500000000006 1.4695044771488258e-07
0.009325 1.4704433080991145e-07
0.0093312499999999993 1.4713884864458933e-07
0.0093375000000000003 1.4723400236557644e-07
0.0093437500000000014 1.4732979312772627e-07
0.0093500000000000007 1.4742622209410996e-07
0.00935625 1.475232904360377e-07
0.009362500000000001 1.4762099933308532e-07
0.0093687500000000021 1.4771934997311509e-07
0.0093750000000000014 1.478183435523026e-07
0.0093812500000000007 1.4791798127515884e-07
0.0093875 1.4801826435455637e-07
0.0093937499999999993 1.4811919401175157e-07
0.0094000000000000004 1.4822077147641249e-07
0.0094062500000000014 1.483229979866409e-07
0.0094125000000000007 1.4842587478899939e-07
0.00941875 1.4852940313853525e-07
0.0094249999999999994 1.4863358429880808e-07
0.0094312499999999987 1.4873841954191268e-07
0.0094374999999999997 1.488439101485075e-07
0.0094437500000000008 1.4895005740783825e-07
0.0094500000000000001 1.4905686261776663e-07
0.0094562499999999994 1.4916432708479466e-07
0.0094625000000000004 1.4927245212409349e-07
0.0094687500000000015 1.4938123905952781e-07
0.0094750000000000008 1.4949068922368378e-07
0.0094812500000000001 1.496008039578979e-07
0.0094875000000000011 1.4971158461228061e-07
0.0094937500000000022 1.4982303254574872e-07
0.0095000000000000015 1.4993514912604791e-07
0.0095062500000000008 1.5004793572978604e-07
0.0095125000000000001 1.5016139374245594e-07
0.0095187499999999994 1.5027552455846916e-07
0.0095250000000000005 1.5039032958117891e-07
0.0095312500000000015 1.5050581022291462e-07
0.0095375000000000008 1.5062196790500526e-07
0.0095437500000000001 1.5073880405781282e-07
0.0095499999999999995 1.5085632012075911e-07
0.0095562499999999988 1.5097451754235698e-07
0.0095624999999999998 1.5109339778023773e-07
0.0095687500000000009 1.5121296230118423e-07
0.0095750000000000002 1.5133321258115759e-07
0.0095812499999999995 1.5145415010533118e-07
0.0095874999999999988 1.5157577636811648e-07
0.0095937499999999981 1.5169809287319978e-07
0.0095999999999999992 1.5182110113356758e-07
0.0096062500000000002 1.5194480267154103e-07
0.0096124999999999995 1.5206919901880576e-07
0.0096187499999999988 1.5219429171644478e-07
0.0096249999999999981 1.5232008231496842e-07
0.0096312499999999975 1.5244657237434933e-07
0.0096374999999999985 1.5257376346405038e-07
0.0096437499999999995 1.5270165716306116e-07
0.0096499999999999989 1.5283025505992843e-07
0.0096562499999999982 1.5295955875278878e-07
0.0096624999999999992 1.5308956984940414e-07
0.0096687500000000003 1.5322028996719093e-07
0.0096749999999999996 1.5335172073325763e-07
0.0096812499999999989 1.5348386378443568e-07
0.0096874999999999999 1.5361672076731575e-07
0.009693750000000001 1.5375029333827951e-07
0.0097000000000000003 1.5388458316353525e-07
0.0097062499999999996 1.5401959191915216e-07
0.0097125000000000006 1.5415532129109679e-07
0.0097187500000000017 1.5429177297526435e-07
0.009725000000000001 1.5442894867751784e-07
0.0097312500000000003 1.545668501137215e-07
0.0097374999999999996 1.5470547900977674e-07
0.0097437499999999989 1.5484483710165798e-07
0.00975 1.5498492613545002e-07
0.009756250000000001 1.5512574786738317e-07
0.0097625000000000003 1.5526730406386983e-07
0.0097687499999999997 1.5540959650154274e-07
0.009774999999999999 1.5555262696728972e-07
0.0097812499999999983 1.5569639725829346e-07
0.0097874999999999993 1.5584090918206866e-07
0.0097937500000000004 1.5598616455649722e-07
0.0097999999999999997 1.561321652098697e-07
0.009806249999999999 1.5627891298092243e-07
0.0098125 1.564264097188744e-07
0.0098187500000000011 1.5657465728346904e-07
0.0098250000000000004 1.5672365754501022e-07
0.0098312499999999997 1.5687341238440337e-07
0.009837499999999999 1.570239236931948e-07
0.0098437499999999983 1.5717519337361082e-07
0.0098499999999999994 1.5732722333859761e-07
0.0098562500000000004 1.5748001551186225e-07
0.0098624999999999997 1.576335718279133e-07
0.0098687499999999991 1.577878942320996e-07
0.0098749999999999984 1.5794298468065439e-07
0.0098812499999999977 1.580988451407334e-07
0.0098874999999999987 1.582554775904584e-07
0.0098937499999999998 1.5841288401895854e-07
0.0098999999999999991 1.5857106642641182e-07
0.0099062499999999984 1.5873002682408741e-07
0.0099124999999999994 1.5888976723438875e-07
0.0099187500000000005 1.5905028969089611e-07
0.0099249999999999998 1.5921159623840939e-07
0.0099312499999999991 1.5937368893299119e-07
0.0099375000000000002 1.5953656984201127e-07
0.0099437500000000012 1.5970024104418927e-07
0.0099500000000000005 1.5986470462964029e-07
0.0099562499999999998 1.6002996269991678e-07
0.0099625000000000009 1.6019601736805662e-07
0.0099687500000000019 1.6036287075862425e-07
0.0099750000000000012 1.6053052500775927e-07
0.0099812500000000005 1.6069898226321971e-07
0.0099874999999999999 1.6086824468442842e-07
0.0099937499999999992 1.6103831444251854e-07
0.01 1.6120919372038128e-07
