# Converted from C_Li_M6_101.txt; value scale 1.
# concentration value; solver units (see ../README.md)
-0 -0.55653399999999997
0.01 -0.35353400000000001
0.02 -0.237534
0.029999999999999999 -0.16853399999999999
0.040000000000000001 -0.10889799999999999
0.050000000000000003 -0.084978799999999993
0.059999999999999998 -0.072641200000000003
0.070000000000000007 -0.064643599999999996
0.080000000000000002 -0.066722400000000001
0.089999999999999997 -0.075540999999999997
0.10000000000000001 -0.085284600000000002
0.11 -0.087033700000000006
0.12 -0.07029929
0.13 -0.057899770000000003
0.14000000000000001 -0.048578910000000003
0.14999999999999999 -0.041349169999999998
0.16 -0.03545533
0.17000000000000001 -0.030340829999999999
0.17999999999999999 -0.025616570000000002
0.19 -0.021032260000000001
0.20000000000000001 -0.016450200000000002
0.20999999999999999 -0.011821470000000001
0.22 -0.0071644100000000004
0.23000000000000001 -0.0025454330000000002
0.23999999999999999 0.0019379779999999999
0.25 0.0061720899999999999
0.26000000000000001 0.010039630000000001
0.27000000000000002 0.01343045
0.28000000000000003 0.01625014
0.28999999999999998 0.01842678
0.29999999999999999 0.019915740000000001
0.31 0.020702640000000001
0.32000000000000001 0.020804550000000002
0.33000000000000002 0.020269479999999999
0.34000000000000002 0.01868914
0.34999999999999998 0.0171088
0.35999999999999999 0.015528449999999999
0.37 0.01394811
0.38 0.01236777
0.39000000000000001 0.010787430000000001
0.40000000000000002 0.0092070859999999997
0.40999999999999998 0.0076267430000000001
0.41999999999999998 0.0060464009999999999
0.42999999999999999 0.0044660589999999997
0.44 0.0028857169999999999
0.45000000000000001 0.0013053749999999999
0.46000000000000002 -0.0002749669
0.46999999999999997 -0.0018553090000000001
0.47999999999999998 -0.0034356510000000001
0.48999999999999999 0.00017865200000000001
0.5 0.0042596600000000002
0.51000000000000001 0.0099360200000000003
0.52000000000000002 0.0146
0.53000000000000003 0.020199999999999999
0.54000000000000004 0.026599999999999999
0.55000000000000004 0.032800000000000003
0.56000000000000005 0.038537509999999997
0.56999999999999995 0.047500000000000001
0.57999999999999996 0.058000000000000003
0.58999999999999997 0.064690399999999995
0.59999999999999998 0.067753800000000003
0.60999999999999999 0.070026599999999994
0.62 0.070760000000000003
0.63 0.069523699999999994
0.64000000000000001 0.068287299999999995
0.65000000000000002 0.067050999999999999
0.66000000000000003 0.065814700000000004
0.67000000000000004 0.064578300000000005
0.68000000000000005 0.063341999999999996
0.68999999999999995 0.0621057
0.69999999999999996 0.060869300000000001
0.70999999999999996 0.059632999999999999
0.71999999999999997 0.058396700000000003
0.72999999999999998 0.057160299999999997
0.73999999999999999 0.055924000000000001
0.75 0.054687699999999999
0.76000000000000001 0.0534513
0.77000000000000002 0.052214999999999998
0.78000000000000003 0.050978700000000002
0.79000000000000004 0.049742300000000003
0.80000000000000004 0.048506000000000001
0.81000000000000005 0.047269699999999998
0.81999999999999995 0.046033299999999999
0.82999999999999996 0.044796999999999997
0.83999999999999997 0.043560700000000001
0.84999999999999998 0.042324300000000002
0.85999999999999999 0.041088
0.87 0.039851699999999997
0.88 0.038615299999999998
0.89000000000000001 0.037379000000000003
0.90000000000000002 0.0361427
0.91000000000000003 0.034906300000000001
0.92000000000000004 0.033669999999999999
0.93000000000000005 0.033712499999999999
0.93999999999999995 0.036674100000000001
0.94999999999999996 0.0399563
0.95999999999999996 0.043430000000000003
0.96999999999999997 0.0506297
0.97999999999999998 0.064663600000000002
0.98999999999999999 0.092999999999999999
1 0.16750000000000001
