# Converted from C_Li_J2_101.txt; value scale 0.001.
# concentration value; solver units (see ../README.md)
-0 0.00042000000000000002
0.01 0.001007544
0.02 0.001139422
0.029999999999999999 0.0012701530000000002
0.040000000000000001 0.0014635970000000001
0.050000000000000003 0.0016189830000000001
0.059999999999999998 0.0017506710000000001
0.070000000000000007 0.0018435740000000002
0.080000000000000002 0.0019323750000000001
0.089999999999999997 0.0020307670000000002
0.10000000000000001 0.0020905030000000001
0.11 0.002163065
0.12 0.002225561
0.13 0.002288156
0.14000000000000001 0.0023472810000000001
0.14999999999999999 0.0023742230000000004
0.16 0.0024281609999999999
0.17000000000000001 0.0024660099999999998
0.17999999999999999 0.0025112930000000004
0.19 0.0025489289999999997
0.20000000000000001 0.00257522
0.20999999999999999 0.0025940349999999997
0.22 0.0026047970000000003
0.23000000000000001 0.0026129509999999996
0.23999999999999999 0.0026247060000000001
0.25 0.002635639
0.26000000000000001 0.0026418100000000001
0.27000000000000002 0.0026462620000000004
0.28000000000000003 0.0026518229999999998
0.28999999999999998 0.0026580210000000004
0.29999999999999999 0.0026637599999999998
0.31 0.002668031
0.32000000000000001 0.002671704
0.33000000000000002 0.0026742059999999997
0.34000000000000002 0.0026745640000000004
0.34999999999999998 0.0026745879999999999
0.35999999999999999 0.0026746170000000002
0.37 0.002674648
0.38 0.0026746780000000002
0.39000000000000001 0.0026747010000000002
0.40000000000000002 0.0026747260000000001
0.40999999999999998 0.0026749079999999997
0.41999999999999998 0.0026777709999999998
0.42999999999999999 0.0026813100000000001
0.44 0.0026817490000000002
0.45000000000000001 0.0026803409999999997
0.46000000000000002 0.0026803640000000002
0.46999999999999997 0.0026804020000000001
0.47999999999999998 0.0026798690000000001
0.48999999999999999 0.002678255
0.5 0.0026760440000000003
0.51000000000000001 0.0026732260000000003
0.52000000000000002 0.0026698710000000003
0.53000000000000003 0.0026655609999999999
0.54000000000000004 0.0026630930000000001
0.55000000000000004 0.0026613840000000001
0.56000000000000005 0.0026606990000000003
0.56999999999999995 0.002661872
0.57999999999999996 0.0026625809999999998
0.58999999999999997 0.0026626029999999999
0.59999999999999998 0.00266264
0.60999999999999999 0.0026665949999999999
0.62 0.002672462
0.63 0.0026734890000000002
0.64000000000000001 0.0026726919999999999
0.65000000000000002 0.0026714669999999999
0.66000000000000003 0.0026702040000000002
0.67000000000000004 0.0026691060000000001
0.68000000000000005 0.0026679080000000001
0.68999999999999995 0.0026663709999999998
0.69999999999999996 0.0026640649999999997
0.70999999999999996 0.0026610760000000001
0.71999999999999997 0.0026578069999999999
0.72999999999999998 0.0026546400000000002
0.73999999999999999 0.0026515430000000001
0.75 0.0026482800000000003
0.76000000000000001 0.002644647
0.77000000000000002 0.0026403370000000004
0.78000000000000003 0.0026350269999999999
0.79000000000000004 0.00262905
0.80000000000000004 0.0026221930000000001
0.81000000000000005 0.0026139640000000003
0.81999999999999995 0.0026029170000000002
0.82999999999999996 0.0025908090000000003
0.83999999999999997 0.0025795290000000001
0.84999999999999998 0.0025679880000000002
0.85999999999999999 0.0025558610000000004
0.87 0.0025452270000000002
0.88 0.00253185
0.89000000000000001 0.0025095160000000003
0.90000000000000002 0.0024420660000000001
0.91000000000000003 0.0023884029999999999
0.92000000000000004 0.0023301139999999999
0.93000000000000005 0.0022601650000000002
0.93999999999999995 0.0021716000000000001
0.94999999999999996 0.002102741
0.95999999999999996 0.0018991070000000001
0.96999999999999997 0.0015527800000000001
0.97999999999999998 0.0012451410000000002
0.98999999999999999 0.001007373
1 0.00040999999999999999
