# Converted from C_Li_Mb5_101.txt; value scale 66.666666666666671.
# concentration value; solver units (see ../README.md)
-0 4.8148666666666676e-11
0.01 5.8003333333333338e-11
0.02 8.9339999999999999e-11
0.029999999999999999 1.4427333333333335e-10
0.040000000000000001 2.4829333333333332e-10
0.050000000000000003 4.6786666666666666e-10
0.059999999999999998 5.7710666666666669e-10
0.070000000000000007 6.3549400000000008e-10
0.080000000000000002 6.7636000000000013e-10
0.089999999999999997 6.9971333333333335e-10
0.10000000000000001 7.0554000000000003e-10
0.11 6.9384666666666675e-10
0.12 6.5130666666666681e-10
0.13 4.3595333333333337e-10
0.14000000000000001 1.8927999999999999e-10
0.14999999999999999 1.0478666666666668e-10
0.16 8.9813333333333343e-11
0.17000000000000001 9.0266666666666683e-11
0.17999999999999999 9.4733333333333337e-11
0.19 1.0345333333333333e-10
0.20000000000000001 1.1744666666666667e-10
0.20999999999999999 1.3874666666666669e-10
0.22 1.7121333333333334e-10
0.23000000000000001 2.2232666666666668e-10
0.23999999999999999 3.0809333333333331e-10
0.25 4.6837999999999999e-10
0.26000000000000001 5.3475733333333337e-10
0.27000000000000002 5.6834000000000002e-10
0.28000000000000003 5.926033333333334e-10
0.28999999999999998 6.1421333333333339e-10
0.29999999999999999 6.331700000000001e-10
0.31 6.4947333333333343e-10
0.32000000000000001 6.6312333333333338e-10
0.33000000000000002 6.7412000000000005e-10
0.34000000000000002 6.8246666666666673e-10
0.34999999999999998 6.8815333333333334e-10
0.35999999999999999 6.9119333333333336e-10
0.37 6.9157333333333332e-10
0.38 6.8930666666666668e-10
0.39000000000000001 6.8438666666666666e-10
0.40000000000000002 6.7680666666666677e-10
0.40999999999999998 6.6657866666666671e-10
0.41999999999999998 6.5369666666666673e-10
0.42999999999999999 6.3816133333333338e-10
0.44 6.1997266666666674e-10
0.45000000000000001 5.9913066666666672e-10
0.46000000000000002 5.7563533333333332e-10
0.46999999999999997 5.4948733333333338e-10
0.47999999999999998 5.1666666666666674e-10
0.48999999999999999 4.6533333333333333e-10
0.5 3.68456e-10
0.51000000000000001 2.1828666666666668e-10
0.52000000000000002 1.2579999999999999e-10
0.53000000000000003 8.864666666666668e-11
0.54000000000000004 7.5420000000000009e-11
0.55000000000000004 7.8173333333333345e-11
0.56000000000000005 1.1800000000000001e-10
0.56999999999999995 1.9000000000000002e-10
0.57999999999999996 2.4666666666666669e-10
0.58999999999999997 2.8950066666666672e-10
0.59999999999999998 3.234026666666667e-10
0.60999999999999999 3.5527000000000006e-10
0.62 3.851026666666667e-10
0.63 4.1290066666666673e-10
0.64000000000000001 4.3866400000000005e-10
0.65000000000000002 4.6239333333333339e-10
0.66000000000000003 4.8408800000000001e-10
0.67000000000000004 5.0374800000000003e-10
0.68000000000000005 5.2137333333333332e-10
0.68999999999999995 5.3696400000000001e-10
0.69999999999999996 5.5052000000000008e-10
0.70999999999999996 5.6204200000000007e-10
0.71999999999999997 5.7152933333333335e-10
0.72999999999999998 5.7898200000000002e-10
0.73999999999999999 5.8440000000000007e-10
0.75 5.877833333333333e-10
0.76000000000000001 5.8913200000000003e-10
0.77000000000000002 5.8844666666666668e-10
0.78000000000000003 5.8572666666666671e-10
0.79000000000000004 5.8097200000000013e-10
0.80000000000000004 5.7418266666666673e-10
0.81000000000000005 5.6535866666666672e-10
0.81999999999999995 5.545e-10
0.82999999999999996 5.416073333333333e-10
0.83999999999999997 5.2668000000000009e-10
0.84999999999999998 5.0971800000000006e-10
0.85999999999999999 4.9072066666666668e-10
0.87 4.6969000000000006e-10
0.88 4.4662400000000004e-10
0.89000000000000001 4.2152400000000004e-10
0.90000000000000002 3.9438866666666669e-10
0.91000000000000003 3.6521933333333337e-10
0.92000000000000004 3.3401533333333338e-10
0.93000000000000005 3.0077666666666668e-10
0.93999999999999995 2.65504e-10
0.94999999999999996 2.2819600000000002e-10
0.95999999999999996 1.7552066666666667e-10
0.96999999999999997 1.1333333333333334e-10
0.97999999999999998 6.8473333333333329e-11
0.98999999999999999 3.0396666666666668e-11
1 1.7953333333333335e-11
