# Converted from C_Li_O3_101.txt; value scale 1.
# concentration value; solver units (see ../README.md)
-0 0.69404449999999995
0.01 0.49099999999999999
0.02 0.375
0.029999999999999999 0.30594339999999998
0.040000000000000001 0.24640000000000001
0.050000000000000003 0.22258
0.059999999999999998 0.21784809999999999
0.070000000000000007 0.21540000000000001
0.080000000000000002 0.21442050000000001
0.089999999999999997 0.21426970000000001
0.10000000000000001 0.21376510000000001
0.11 0.2120765
0.12 0.20788200000000001
0.13 0.19539999999999999
0.14000000000000001 0.18609999999999999
0.14999999999999999 0.17879999999999999
0.16 0.17299999999999999
0.17000000000000001 0.1678
0.17999999999999999 0.16309999999999999
0.19 0.1585
0.20000000000000001 0.154
0.20999999999999999 0.14929999999999999
0.22 0.1447
0.23000000000000001 0.14280000000000001
0.23999999999999999 0.14080680000000001
0.25 0.13904030000000001
0.26000000000000001 0.1379601
0.27000000000000002 0.1374408
0.28000000000000003 0.1373499
0.28999999999999998 0.13698750000000001
0.29999999999999999 0.1366252
0.31 0.13626279999999999
0.32000000000000001 0.13590050000000001
0.33000000000000002 0.13553809999999999
0.34000000000000002 0.13517570000000001
0.34999999999999998 0.1348134
0.35999999999999999 0.13445099999999999
0.37 0.13408870000000001
0.38 0.13372629999999999
0.39000000000000001 0.13336390000000001
0.40000000000000002 0.1330016
0.40999999999999998 0.13263920000000001
0.41999999999999998 0.1322769
0.42999999999999999 0.13191449999999999
0.44 0.13155210000000001
0.45000000000000001 0.1311898
0.46000000000000002 0.13082740000000001
0.46999999999999997 0.1304651
0.47999999999999998 0.13010269999999999
0.48999999999999999 0.12974040000000001
0.5 0.1286293
0.51000000000000001 0.12669359999999999
0.52000000000000002 0.12288780000000001
0.53000000000000003 0.1173256
0.54000000000000004 0.1108672
0.55000000000000004 0.1047073
0.56000000000000005 0.09896249
0.56999999999999995 0.097259090000000006
0.57999999999999996 0.096320820000000001
0.58999999999999997 0.096128889999999995
0.59999999999999998 0.095936960000000002
0.60999999999999999 0.095745040000000003
0.62 0.095553109999999997
0.63 0.095361180000000004
0.64000000000000001 0.095169249999999997
0.65000000000000002 0.094977320000000004
0.66000000000000003 0.094785389999999997
0.67000000000000004 0.094593460000000004
0.68000000000000005 0.094401540000000006
0.68999999999999995 0.094209609999999999
0.69999999999999996 0.094017680000000006
0.70999999999999996 0.093825749999999999
0.71999999999999997 0.093633820000000006
0.72999999999999998 0.09344189
0.73999999999999999 0.093249970000000001
0.75 0.093058039999999995
0.76000000000000001 0.092866110000000002
0.77000000000000002 0.092674179999999995
0.78000000000000003 0.092482250000000002
0.79000000000000004 0.092290319999999995
0.80000000000000004 0.092098390000000002
0.81000000000000005 0.091906470000000004
0.81999999999999995 0.091714539999999997
0.82999999999999996 0.091522610000000004
0.83999999999999997 0.091330679999999997
0.84999999999999998 0.091138750000000004
0.85999999999999999 0.090946819999999998
0.87 0.090754899999999999
0.88 0.090562970000000007
0.89000000000000001 0.09037104
0.90000000000000002 0.090179110000000007
0.91000000000000003 0.08998718
0.92000000000000004 0.089795249999999993
0.93000000000000005 0.089603329999999995
0.93999999999999995 0.089411400000000002
0.94999999999999996 0.089219469999999995
0.95999999999999996 0.087999999999999995
0.96999999999999997 0.085387210000000005
0.97999999999999998 0.072840000000000002
0.98999999999999999 0.044499999999999998
1 -0.029999999999999999
