# Carbon ocv; sampled from pre-migration BESFEM model.
# concentration value; solver units (see ../README.md)
0 1.1216524400000001
0.00062500000000000001 1.1195173885930569
0.00125 1.1173858417396432
0.0018749999999999999 1.1152577942005657
0.0025000000000000001 1.1131332407440404
0.0031250000000000002 1.1110121761456822
0.0037499999999999999 1.1088945951884945
0.0043750000000000004 1.1067804926628599
0.0050000000000000001 1.1046698633665297
0.0056249999999999998 1.1025627021046136
0.0062500000000000003 1.1004590036895705
0.006875 1.0983587629411984
0.0074999999999999997 1.0962619746866236
0.0081250000000000003 1.0941686337602916
0.0087500000000000008 1.0920787350039574
0.0093750000000000014 1.0899922732666742
0.01 1.0879092434047857
0.010624999999999999 1.085829640281913
0.01125 1.0837534587689484
0.011875 1.0816806937440429
0.012500000000000001 1.0796113400925975
0.013125000000000001 1.0775453927072527
0.01375 1.0754828464878798
0.014374999999999999 1.07342369634157
0.014999999999999999 1.0713679371826244
0.015625 1.0693155639325451
0.016250000000000001 1.0672665715200251
0.016875000000000001 1.0652209548809393
0.017500000000000002 1.0631787089583324
0.018125000000000002 1.0611398287024123
0.018750000000000003 1.0591043090705372
0.019375000000000003 1.0570721450272091
0.02 1.0550433315440617
0.020624999999999998 1.0530178635998513
0.021249999999999998 1.0509957361804481
0.021874999999999999 1.0489769442788248
0.022499999999999999 1.0469614828950489
0.023125 1.0449493470362716
0.02375 1.0429405317167186
0.024375000000000001 1.0409350319576816
0.025000000000000001 1.0389328427875062
0.025625000000000002 1.0369339592415843
0.026250000000000002 1.0349383763623448
0.026875000000000003 1.0329460891992428
0.0275 1.0309570928087501
0.028124999999999997 1.0289713822543467
0.028749999999999998 1.0269889526065104
0.029374999999999998 1.0250097989427078
0.029999999999999999 1.0230339163473843
0.030624999999999999 1.0210612999119557
0.03125 1.0190919447347968
0.031875000000000001 1.0171258459212338
0.032500000000000001 1.015162998583534
0.033125000000000002 1.0132033978408965
0.033750000000000002 1.0112470388194428
0.034375000000000003 1.0092939166522075
0.035000000000000003 1.0073440264791287
0.035625000000000004 1.005397363447039
0.036250000000000004 1.0034539227096557
0.036875000000000005 1.0015136994275708
0.037500000000000006 0.99957668876824413
0.038125000000000006 0.99764288590599082
0.038750000000000007 0.99571228602197392
0.039375000000000007 0.99378488430419576
0.040000000000000001 0.99186067594748573
0.040624999999999994 0.98993965615349433
0.041249999999999995 0.98802182013068196
0.041874999999999996 0.98610716309430968
0.042499999999999996 0.98419568026643101
0.043124999999999997 0.98228736687588214
0.043749999999999997 0.98038221815827187
0.044374999999999998 0.97848022935597412
0.044999999999999998 0.97658139571811775
0.045624999999999999 0.97468571250057656
0.046249999999999999 0.97279317496596196
0.046875 0.97090377838361219
0.047500000000000001 0.96901751802958458
0.048125000000000001 0.96713438918664496
0.048750000000000002 0.96525438714425937
0.049375000000000002 0.96337750719858506
0.050000000000000003 0.96150374465246125
0.050625000000000003 0.95963309481539982
0.051250000000000004 0.95776555300357613
0.051875000000000004 0.95590111453982052
0.052500000000000005 0.9540397747536089
0.053125000000000006 0.95218152898105357
0.053750000000000006 0.95032637256489472
0.054375000000000007 0.94847430085449047
0.055 0.94662530920580923
0.055624999999999994 0.94477939298141933
0.056249999999999994 0.94293654755048095
0.056874999999999995 0.94109676828873701
0.057499999999999996 0.93926005057850381
0.058124999999999996 0.93742638980866244
0.058749999999999997 0.9355957813746496
0.059374999999999997 0.93376822067844911
0.059999999999999998 0.93194370312858266
0.060624999999999998 0.93012222414010104
0.061249999999999999 0.92830377913457496
0.061874999999999999 0.92648836354008668
0.0625 0.92467597279122071
0.063125000000000001 0.9228666023290556
0.063750000000000001 0.9210602476011539
0.064375000000000002 0.91925690406155458
0.065000000000000002 0.91745656717076396
0.065625000000000003 0.91565923239574587
0.066250000000000003 0.91386489520991421
0.066875000000000004 0.91207355109312416
0.067500000000000004 0.91028519553166187
0.068125000000000005 0.90849982401823726
0.068750000000000006 0.9067174320519743
0.069375000000000006 0.90493801513840377
0.070000000000000007 0.90316156878945197
0.070625000000000007 0.90138808852343466
0.071250000000000008 0.89961756986504726
0.071875000000000008 0.89785000834535522
0.072500000000000009 0.89608539950178745
0.073125000000000009 0.89432373887812522
0.07375000000000001 0.89256502202449584
0.074375000000000011 0.89080924449736254
0.075000000000000011 0.88905640185951584
0.075625000000000012 0.88730648968006609
0.076250000000000012 0.88555950353443369
0.076875000000000013 0.88381543900434101
0.077500000000000013 0.8820742916778036
0.078125000000000014 0.88033605714912211
0.078750000000000014 0.87860073101887304
0.079375000000000001 0.87686830889390055
0.080000000000000002 0.87513878638730813
0.080625000000000002 0.8734121591184496
0.081249999999999989 0.87168842271292069
0.081874999999999989 0.86996757280255155
0.08249999999999999 0.86824960502539617
0.083124999999999991 0.86653451502572609
0.083749999999999991 0.86482229845402059
0.084374999999999992 0.86311295096695873
0.084999999999999992 0.8614064682274104
0.085624999999999993 0.85970284590442869
0.086249999999999993 0.85800207967324149
0.086874999999999994 0.85630416521524133
0.087499999999999994 0.85460909821797981
0.088124999999999995 0.85291687437515673
0.088749999999999996 0.85122748938661286
0.089374999999999996 0.84954093895832139
0.089999999999999997 0.84785721880237985
0.090624999999999997 0.84617632463700121
0.091249999999999998 0.84449825218650587
0.091874999999999998 0.84282299718131326
0.092499999999999999 0.84115055535793404
0.093124999999999999 0.83948092245896067
0.09375 0.83781409423305997
0.094375000000000001 0.83615006643496503
0.095000000000000001 0.83448883482546599
0.095625000000000002 0.83283039517140245
0.096250000000000002 0.83117474324565588
0.096875000000000003 0.82952187482713957
0.097500000000000003 0.82787178570079223
0.098125000000000004 0.82622447165756885
0.098750000000000004 0.8245799284944324
0.099375000000000005 0.82293815201434617
0.10000000000000001 0.82129913802626531
0.10062500000000001 0.81966288234512863
0.10125000000000001 0.81802938079185039
0.10187500000000001 0.81639862919331263
0.10250000000000001 0.8147706233823564
0.10312500000000001 0.81314535919777386
0.10375000000000001 0.81152283248430046
0.10437500000000001 0.80990303909260608
0.10500000000000001 0.8082859748792881
0.10562500000000001 0.80667163570686218
0.10625000000000001 0.80506001744375477
0.10687500000000001 0.80345111596429486
0.10750000000000001 0.8018449271487067
0.10812500000000001 0.80024144688310017
0.10875000000000001 0.79864067105946412
0.109375 0.79704259557565793
0.11 0.79544721633540338
0.110625 0.79385452924827649
0.11124999999999999 0.79226453022970034
0.11187499999999999 0.79067721520093603
0.11249999999999999 0.78909258008907557
0.11312499999999999 0.78751062082703349
0.11374999999999999 0.78593133335353893
0.11437499999999999 0.78435471361312814
0.11499999999999999 0.78278075755613552
0.11562499999999999 0.78120946113868683
0.11624999999999999 0.77964082032269089
0.11687499999999999 0.77807483107583131
0.11749999999999999 0.77651148937155945
0.11812499999999999 0.7749507911890855
0.11874999999999999 0.77339273251337171
0.119375 0.77183730933512362
0.12 0.77028451765078265
0.120625 0.76873435346251839
0.12125 0.76718681277822043
0.121875 0.76564189161149099
0.1225 0.76409958598163641
0.123125 0.76255989191366058
0.12375 0.76102280543825584
0.124375 0.75948832259179599
0.125 0.7579564394163284
0.12562499999999999 0.75642715195956589
0.12625 0.75490045627487978
0.12687500000000002 0.7533763484212912
0.1275 0.75185482446346485
0.12812499999999999 0.75033588047169886
0.12875 0.74881951252191992
0.12937500000000002 0.74730571669567358
0.13 0.74579448908011725
0.13062499999999999 0.74428582576801272
0.13125000000000001 0.74277972285771821
0.13187500000000002 0.74127617645318089
0.13250000000000001 0.73977518266392928
0.13312499999999999 0.73827673760506574
0.13375000000000001 0.73678083739725808
0.13437500000000002 0.73528747816673279
0.13500000000000001 0.73379665604526789
0.135625 0.73230836717018366
0.13625000000000001 0.73082260768433671
0.13687500000000002 0.72933937373611146
0.13750000000000001 0.72785866147941347
0.138125 0.72638046707366066
0.13875000000000001 0.72490478668377711
0.13937500000000003 0.72343161648018428
0.14000000000000001 0.72196095263879467
0.140625 0.72049279134100397
0.14125000000000001 0.71902712877368247
0.14187500000000003 0.7175639611291692
0.14250000000000002 0.71610328460526362
0.143125 0.71464509540521859
0.14375000000000002 0.71318938973773194
0.14437500000000003 0.71173616381694027
0.14500000000000002 0.71028541386241106
0.145625 0.70883713609913468
0.14625000000000002 0.70739132675751759
0.14687500000000003 0.70594798207337539
0.14750000000000002 0.70450709828792424
0.14812500000000001 0.7030686716477742
0.14874999999999999 0.70163269840492226
0.14937499999999998 0.70019917481674343
0.14999999999999999 0.69876809714598553
0.15062500000000001 0.69733946166076022
0.15125 0.69591326463453673
0.15187499999999998 0.69448950234613305
0.1525 0.69306817107971053
0.15312500000000001 0.69164926712476527
0.15375 0.69023278677612099
0.15437499999999998 0.68881872633392249
0.155 0.68740708210362755
0.15562500000000001 0.6859978503959997
0.15625 0.68459102752710221
0.15687499999999999 0.68318660981828849
0.1575 0.68178459359619736
0.15812500000000002 0.68038497519274388
0.15875 0.67898775094511421
0.15937499999999999 0.67759291719575554
0.16 0.67620047029237196
0.16062500000000002 0.67481040658791491
0.16125 0.67342272244057744
0.16187499999999999 0.67203741421378616
0.16250000000000001 0.67065447827619495
0.16312500000000002 0.66927391100167677
0.16375000000000001 0.66789570876931748
0.16437499999999999 0.66651986796340856
0.16500000000000001 0.66514638497343892
0.16562500000000002 0.66377525619408939
0.16625000000000001 0.66240647802522457
0.166875 0.66104004687188611
0.16750000000000001 0.65967595914428556
0.16812500000000002 0.65831421125779699
0.16875000000000001 0.65695479963295067
0.169375 0.65559772069542543
0.17000000000000001 0.65424297087604166
0.17062500000000003 0.65289054661075441
0.17125000000000001 0.65154044434064673
0.171875 0.65019266051192171
0.17249999999999999 0.64884719157589665
0.17312499999999997 0.6475040339889947
0.17374999999999999 0.64616318421273922
0.174375 0.64482463871374629
0.17499999999999999 0.64348839396371704
0.17562499999999998 0.64215444643943265
0.17624999999999999 0.64082279262274411
0.176875 0.63949342900056905
0.17749999999999999 0.63816635206488215
0.17812499999999998 0.63684155831270939
0.17874999999999999 0.6355190442461206
0.17937500000000001 0.63419880637222292
0.17999999999999999 0.63288084120315424
0.18062499999999998 0.63156514525607488
0.18124999999999999 0.63025171505316269
0.18187500000000001 0.62894054712160452
0.1825 0.62763163799359067
0.18312499999999998 0.626324984206307
0.18375 0.62502058230192858
0.18437500000000001 0.62371842882761275
0.185 0.62241852033549272
0.18562499999999998 0.6211208533826702
0.18625 0.61982542453120837
0.18687500000000001 0.61853223034812643
0.1875 0.6172412674053912
0.18812499999999999 0.61595253227991142
0.18875 0.61466602155353023
0.18937500000000002 0.61338173181301925
0.19 0.61209965965007151
0.19062499999999999 0.61081980166129402
0.19125 0.60954215444820192
0.19187500000000002 0.60826671461721205
0.1925 0.6069934787796345
0.19312499999999999 0.60572244355166838
0.19375000000000001 0.60445360555439287
0.19437500000000002 0.60318696141376194
0.19500000000000001 0.60192250776059675
0.19562499999999999 0.60066024123058082
0.19625000000000001 0.59940015846424988
0.19687500000000002 0.59814225610698968
0.19750000000000001 0.59688653080902543
0.198125 0.59563297922541747
0.19875000000000001 0.59438159801605372
0.19937500000000002 0.59313238384564348
0.20000000000000001 0.5918853333837113
0.200625 0.59064044330458831
0.20125000000000001 0.58939771028740839
0.20187500000000003 0.58815713101609979
0.20250000000000001 0.58691870217937925
0.203125 0.58568242047074504
0.20375000000000001 0.58444828258847081
0.20437500000000003 0.5832162852355991
0.20500000000000002 0.58198642511993415
0.205625 0.58075869895403631
0.20625000000000002 0.57953310345521447
0.20687500000000003 0.57830963534552082
0.20750000000000002 0.57708829135174322
0.208125 0.57586906820539951
0.20874999999999999 0.57465196264273022
0.20937499999999998 0.57343697140469296
0.20999999999999999 0.57222409123695528
0.21062500000000001 0.57101331888988893
0.21124999999999999 0.56980465111856293
0.21187499999999998 0.56859808468273654
0.21249999999999999 0.56739361634685459
0.21312500000000001 0.56619124288003919
0.21375 0.56499096105608426
0.21437499999999998 0.56379276765344943
0.215 0.56259665945525261
0.21562500000000001 0.56140263324926454
0.21625 0.56021068582790201
0.21687499999999998 0.5590208139882219
0.2175 0.55783301453191358
0.21812500000000001 0.55664728426529442
0.21875 0.55546361999930249
0.21937499999999999 0.55428201854948955
0.22 0.55310247673601609
0.22062500000000002 0.5519249913836437
0.22125 0.55074955932173075
0.22187499999999999 0.54957617738422293
0.2225 0.54840484240965026
0.22312500000000002 0.54723555124111867
0.22375 0.54606830072630486
0.22437499999999999 0.54490308771744911
0.22500000000000001 0.54373990907134995
0.22562500000000002 0.54257876164935703
0.22625000000000001 0.54141964231736595
0.22687499999999999 0.54026254794581097
0.22750000000000001 0.5391074754096592
0.22812500000000002 0.53795442158840479
0.22875000000000001 0.53680338336606204
0.229375 0.53565435763115976
0.23000000000000001 0.53450734127673472
0.23062500000000002 0.53336233120032561
0.23125000000000001 0.53221932430396712
0.231875 0.53107831749418311
0.23249999999999998 0.5299393076819815
0.23312499999999997 0.52880229178284666
0.23374999999999999 0.52766726671673492
0.234375 0.52653422940806716
0.23499999999999999 0.52540317678572368
0.23562499999999997 0.5242741057830369
0.23624999999999999 0.52314701333778657
0.236875 0.52202189639219276
0.23749999999999999 0.52089875189291002
0.23812499999999998 0.51977757679102166
0.23874999999999999 0.51865836804203291
0.239375 0.51754112260586582
0.23999999999999999 0.51642583744685233
0.24062499999999998 0.51531250953372909
0.24124999999999999 0.51420113583963034
0.24187500000000001 0.51309171334208259
0.24249999999999999 0.51198423902299928
0.24312499999999998 0.51087870986867279
0.24374999999999999 0.50977512286977045
0.24437500000000001 0.50867347502132743
0.245 0.5075737633227414
0.24562499999999998 0.50647598477776579
0.24625 0.50538013639450408
0.24687500000000001 0.50428621518540451
0.2475 0.50319421816725329
0.24812499999999998 0.5021041423611694
0.24875 0.50101598479259735
0.24937500000000001 0.49992974249130295
0.25 0.49884541249136616
0.25062499999999999 0.49776299183117584
0.25124999999999997 0.49668247755342315
0.25187499999999996 0.49560386670509643
0.2525 0.4945271563374749
0.25312500000000004 0.49345234350612255
0.25375000000000003 0.4923794252708833
0.25437500000000002 0.49130839869587362
0.255 0.49023926084947772
0.25562499999999999 0.48917200880434136
0.25624999999999998 0.48810663963736628
0.25687499999999996 0.48704315042970397
0.25750000000000001 0.48598153826674989
0.25812500000000005 0.48492180023813819
0.25875000000000004 0.48386393343773526
0.25937500000000002 0.48280793496363422
0.26000000000000001 0.48175380191814893
0.260625 0.48070153140780847
0.26124999999999998 0.47965112054335129
0.26187499999999997 0.47860256643971932
0.26250000000000001 0.47755586621605223
0.26312500000000005 0.47651101699568177
0.26375000000000004 0.47546801590612631
0.26437500000000003 0.47442686007908397
0.26500000000000001 0.47338754665042859
0.265625 0.4723500727602023
0.26624999999999999 0.47131443555261143
0.26687499999999997 0.47028063217601901
0.26750000000000002 0.46924865978294061
0.26812500000000006 0.46821851553003835
0.26875000000000004 0.4671901965781145
0.26937500000000003 0.46616370009210634
0.27000000000000002 0.46513902324108014
0.270625 0.46411616319822646
0.27124999999999999 0.46309511714085294
0.27187499999999998 0.4620758822503801
0.27250000000000002 0.46105845571233484
0.27312500000000006 0.46004283471634511
0.27375000000000005 0.45902901645613442
0.27437500000000004 0.45801699812951596
0.27500000000000002 0.45700677693838698
0.27562500000000001 0.45599835008872325
0.27625 0.45499171479057376
0.27687499999999998 0.45398686825805495
0.27750000000000002 0.45298380770934443
0.27812500000000007 0.4519825303666769
0.27875000000000005 0.45098303345633728
0.27937500000000004 0.44998531420865573
0.28000000000000003 0.44898936985800209
0.28062500000000001 0.44799519764277995
0.28125 0.44700279480542171
0.28187499999999999 0.44601215859238263
0.28250000000000003 0.44502328625413545
0.28312500000000007 0.44403617504516479
0.28375000000000006 0.44305082222396214
0.28437500000000004 0.4420672250530196
0.28500000000000003 0.44108538079882459
0.28562500000000002 0.44010528673185517
0.28625 0.43912694012657322
0.28687499999999999 0.43815033826142019
0.28749999999999998 0.43717547841881094
0.28812499999999996 0.43620235788512851
0.28874999999999995 0.4352309739507188
0.28937499999999994 0.43426132390988492
0.28999999999999998 0.43329340506088176
0.29062500000000002 0.43232721470591079
0.29125000000000001 0.43136275015111469
0.291875 0.43040000870657136
0.29249999999999998 0.42943898768628924
0.29312499999999997 0.4284796844082015
0.29374999999999996 0.42752209619416087
0.29437499999999994 0.42656622036993441
0.29499999999999998 0.42561205426519716
0.29562500000000003 0.42465959521352808
0.29625000000000001 0.42370884055240465
0.296875 0.4227597876231961
0.29749999999999999 0.42181243377115923
0.29812499999999997 0.42086677634543324
0.29874999999999996 0.41992281269903375
0.29937499999999995 0.41898054018884767
0.29999999999999999 0.41803995617562806
0.30062500000000003 0.41710105802398906
0.30125000000000002 0.4161638431023999
0.301875 0.41522830878317996
0.30249999999999999 0.41429445244249369
0.30312499999999998 0.41336227146034532
0.30374999999999996 0.41243176322057318
0.30437499999999995 0.41150292511084491
0.30499999999999999 0.41057575452265177
0.30562500000000004 0.40965024885130397
0.30625000000000002 0.40872640549592498
0.30687500000000001 0.40780422185944643
0.3075 0.40688369534860275
0.30812499999999998 0.40596482337392642
0.30874999999999997 0.4050476033497421
0.30937499999999996 0.40413203269416198
0.31 0.40321810882908027
0.31062500000000004 0.40230582918016833
0.31125000000000003 0.40139519117686911
0.31187500000000001 0.40048619225239229
0.3125 0.39957882984370868
0.31312499999999999 0.39867310139154588
0.31374999999999997 0.39776900434038215
0.31437499999999996 0.39686653613844203
0.315 0.39596569423769074
0.31562500000000004 0.39506647609382928
0.31625000000000003 0.39416887916628957
0.31687500000000002 0.3932729009182287
0.3175 0.39237853881652396
0.31812499999999999 0.39148579033176845
0.31874999999999998 0.39059465293826501
0.31937499999999996 0.38970512411402192
0.32000000000000001 0.38881720134074721
0.32062500000000005 0.38793088210384424
0.32125000000000004 0.38704616389240598
0.32187500000000002 0.38616304419921027
0.32250000000000001 0.38528152052071502
0.323125 0.38440159035705251
0.32374999999999998 0.38352325121202491
0.32437499999999997 0.38264650059309907
0.32500000000000001 0.38177133601140156
0.32562500000000005 0.38089775498171363
0.32625000000000004 0.38002575502246605
0.32687500000000003 0.37915533365573445
0.32750000000000001 0.37828648840723372
0.328125 0.37741921680631368
0.32874999999999999 0.37655351638595397
0.32937499999999997 0.37568938468275875
0.33000000000000002 0.37482681923695166
0.33062500000000006 0.37396581759237174
0.33125000000000004 0.37310637729646751
0.33187500000000003 0.37224849590029235
0.33250000000000002 0.37139217095849958
0.333125 0.37053740002933772
0.33374999999999999 0.36968418067464515
0.33437499999999998 0.36883251045984561
0.33500000000000002 0.36798238695394309
0.33562500000000006 0.36713380772951665
0.33625000000000005 0.36628677036271645
0.33687500000000004 0.36544127243325747
0.33750000000000002 0.36459731152441599
0.33812500000000001 0.36375488522302363
0.33875 0.36291399111946326
0.33937499999999998 0.36207462680766372
0.34000000000000002 0.36123678988509494
0.34062500000000007 0.3604004779527637
0.34125000000000005 0.35956568861520771
0.34187500000000004 0.35873241948049173
0.34250000000000003 0.35790066816020233
0.34312500000000001 0.35707043226944307
0.34375 0.3562417094268297
0.34437499999999999 0.35541449725448537
0.34499999999999997 0.35458879337803606
0.34562499999999996 0.35376459542660532
0.34624999999999995 0.35294190103280992
0.34687499999999993 0.35212070783275479
0.34749999999999998 0.35130101346602821
0.34812500000000002 0.35048281557569727
0.34875 0.34966611180830326
0.34937499999999999 0.34885089981385614
0.34999999999999998 0.34803717724583083
0.35062499999999996 0.34722494176116153
0.35124999999999995 0.34641419102023757
0.35187499999999994 0.34560492268689857
0.35249999999999998 0.34479713442842946
0.35312500000000002 0.34399082391555635
0.35375000000000001 0.34318598882244106
0.354375 0.34238262682667686
0.35499999999999998 0.34158073560928398
0.35562499999999997 0.34078031285470417
0.35624999999999996 0.33998135625079701
0.35687499999999994 0.33918386348883417
0.35749999999999998 0.33838783226349589
0.35812500000000003 0.33759326027286513
0.35875000000000001 0.33680014521842422
0.359375 0.33600848480504875
0.35999999999999999 0.33521827674100418
0.36062499999999997 0.33442951873794041
0.36124999999999996 0.33364220851088755
0.36187499999999995 0.33285634377825124
0.36249999999999999 0.33207192226180759
0.36312500000000003 0.33128894168669976
0.36375000000000002 0.33050739978143173
0.364375 0.32972729427786507
0.36499999999999999 0.32894862291121341
0.36562499999999998 0.32817138342003854
0.36624999999999996 0.32739557354624543
0.36687499999999995 0.3266211910350777
0.36749999999999999 0.32584823363511317
0.36812500000000004 0.32507669909825937
0.36875000000000002 0.32430658517974892
0.36937500000000001 0.32353788963813468
0.37 0.32277061023528564
0.37062499999999998 0.3220047447363823
0.37124999999999997 0.32124029090991169
0.37187499999999996 0.32047724652766385
0.3725 0.31971560936472593
0.37312500000000004 0.31895537719947914
0.37375000000000003 0.31819654781359336
0.37437500000000001 0.3174391189920226
0.375 0.31668308852300092
0.37562499999999999 0.31592845419803789
0.37624999999999997 0.31517521381191355
0.37687499999999996 0.31442336516267522
0.3775 0.31367290605163134
0.37812500000000004 0.31292383428334847
0.37875000000000003 0.31217614766564611
0.37937500000000002 0.3114298440095925
0.38 0.31068492112949964
0.38062499999999999 0.30994137684292006
0.38124999999999998 0.30919920897064107
0.38187499999999996 0.30845841533668111
0.38250000000000001 0.30771899376828515
0.38312500000000005 0.3069809420959202
0.38375000000000004 0.30624425815327139
0.38437500000000002 0.30550893977723659
0.38500000000000001 0.30477498480792303
0.385625 0.30404239108864245
0.38624999999999998 0.30331115646590673
0.38687499999999997 0.30258127878942359
0.38750000000000001 0.30185275591209204
0.38812500000000005 0.30112558568999859
0.38875000000000004 0.3003997659824123
0.38937500000000003 0.29967529465178067
0.39000000000000001 0.29895216956372533
0.390625 0.29823038858703754
0.39124999999999999 0.29750994959367411
0.39187499999999997 0.29679085045875303
0.39250000000000002 0.29607308906054886
0.39312500000000006 0.2953566632804891
0.39375000000000004 0.29464157100314897
0.39437500000000003 0.29392781011624791
0.39500000000000002 0.29321537851064489
0.395625 0.29250427408033419
0.39624999999999999 0.29179449472244118
0.39687499999999998 0.29108603833721824
0.39750000000000002 0.29037890282803996
0.39812500000000006 0.28967308610139941
0.39875000000000005 0.28896858606690379
0.39937500000000004 0.28826540063726991
0.40000000000000002 0.28756352772832028
0.40062500000000001 0.28686296525897859
0.40125 0.28616371115126571
0.40187499999999998 0.28546576333029555
0.40250000000000002 0.28476911972427038
0.40312500000000007 0.28407377826447733
0.40375000000000005 0.28337973688528351
0.40437500000000004 0.28268699352413224
0.40500000000000003 0.2819955461215386
0.40562500000000001 0.28130539262108556
0.40625 0.28061653096941946
0.40687499999999999 0.27992895911624599
0.40749999999999997 0.27924267501432631
0.40812499999999996 0.27855767661947234
0.40874999999999995 0.27787396189054292
0.40937499999999993 0.27719152878943976
0.40999999999999998 0.27651037528110312
0.41062500000000002 0.27583049933350762
0.41125 0.27515189891765857
0.41187499999999999 0.27447457200758713
0.41249999999999998 0.27379851658034682
0.41312499999999996 0.27312373061600881
0.41374999999999995 0.27245021209765868
0.41437499999999994 0.2717779590113914
0.41499999999999998 0.27110696934630774
0.41562500000000002 0.27043724109451039
0.41625000000000001 0.26976877225109919
0.416875 0.2691015608141677
0.41749999999999998 0.26843560478479872
0.41812499999999997 0.26777090216706051
0.41874999999999996 0.26710745096800265
0.41937499999999994 0.26644524919765195
0.41999999999999998 0.26578429486900823
0.42062500000000003 0.26512458599804062
0.42125000000000001 0.26446612060368363
0.421875 0.26380889670783242
0.42249999999999999 0.26315291233533966
0.42312499999999997 0.26249816551401067
0.42374999999999996 0.2618446542746003
0.42437499999999995 0.26119237665080802
0.42499999999999999 0.26054133067927449
0.42562500000000003 0.25989151439957786
0.42625000000000002 0.25924292585422892
0.426875 0.25859556308866766
0.42749999999999999 0.25794942415125943
0.42812499999999998 0.25730450709329056
0.42874999999999996 0.25666080996896462
0.42937499999999995 0.25601833083539849
0.42999999999999999 0.25537706775261843
0.43062500000000004 0.25473701878355592
0.43125000000000002 0.25409818199404421
0.43187500000000001 0.25346055545281365
0.4325 0.2528241372314885
0.43312499999999998 0.25218892540458254
0.43374999999999997 0.2515549180494952
0.43437499999999996 0.25092211324650809
0.435 0.25029050907878037
0.43562500000000004 0.2496601036323457
0.43625000000000003 0.24903089499610748
0.43687500000000001 0.24840288126183566
0.4375 0.24777606052416257
0.43812499999999999 0.24715043088057889
0.43874999999999997 0.24652599043143014
0.43937499999999996 0.24590273727991258
0.44 0.24528066953206945
0.44062500000000004 0.24465978529678703
0.44125000000000003 0.24404008268579103
0.44187500000000002 0.24342155981364241
0.4425 0.24280421479773381
0.44312499999999999 0.24218804575828548
0.44374999999999998 0.24157305081834188
0.44437499999999996 0.24095922810376749
0.44500000000000001 0.24034657574324284
0.44562500000000005 0.23973509186826147
0.44625000000000004 0.23912477461312542
0.44687500000000002 0.23851562211494157
0.44750000000000001 0.2379076325136181
0.448125 0.23730080395186048
0.44874999999999998 0.23669513457516778
0.44937499999999997 0.23609062253182891
0.45000000000000001 0.23548726597291889
0.45062500000000005 0.23488506305229498
0.45125000000000004 0.23428401192659321
0.45187500000000003 0.23368411075522419
0.45250000000000001 0.23308535770036967
0.453125 0.23248775092697882
0.45374999999999999 0.23189128860276426
0.45437499999999997 0.23129596889819873
0.45500000000000002 0.23070178998651097
0.45562500000000006 0.23010875004368231
0.45625000000000004 0.22951684724844298
0.45687500000000003 0.22892607978226787
0.45750000000000002 0.2283364458293736
0.458125 0.22774794357671438
0.45874999999999999 0.22716057121397831
0.45937499999999998 0.22657432693358401
0.46000000000000002 0.22598920893067664
0.46062500000000006 0.2254052154031243
0.46125000000000005 0.22482234455151476
0.46187500000000004 0.22424059457915105
0.46250000000000002 0.22365996369204844
0.46312500000000001 0.2230804500989306
0.46375 0.22250205201122594
0.46437499999999998 0.22192476764306396
0.46499999999999997 0.2213485952112717
0.46562499999999996 0.22077353293537005
0.46624999999999994 0.22019957903757029
0.46687499999999993 0.2196267317427702
0.46749999999999997 0.21905498927855058
0.46812500000000001 0.2184843498751721
0.46875 0.21791481176557084
0.46937499999999999 0.21734637318535532
0.46999999999999997 0.21677903237280288
0.47062499999999996 0.21621278756885587
0.47124999999999995 0.21564763701711823
0.47187499999999993 0.21508357896385191
0.47249999999999998 0.21452061165797334
0.47312500000000002 0.21395873335104976
0.47375 0.21339794229729592
0.47437499999999999 0.2128382367535703
0.47499999999999998 0.21227961497937162
0.47562499999999996 0.21172207523683531
0.47624999999999995 0.21116561579073015
0.47687499999999994 0.21061023490845449
0.47749999999999998 0.21005593086003294
0.47812500000000002 0.20950270191811296
0.47875000000000001 0.2089505463579609
0.479375 0.20839946245745905
0.47999999999999998 0.20784944849710171
0.48062499999999997 0.20730050275999201
0.48124999999999996 0.20675262353183832
0.48187499999999994 0.20620580910095077
0.48249999999999998 0.2056600577582377
0.48312500000000003 0.20511536779720241
0.48375000000000001 0.20457173751393959
0.484375 0.20402916520713182
0.48499999999999999 0.20348764917804618
0.48562499999999997 0.20294718773053072
0.48624999999999996 0.20240777917101116
0.48687499999999995 0.20186942180848749
0.48749999999999999 0.2013321139545303
0.48812500000000003 0.20079585392327773
0.48875000000000002 0.20026064003143174
0.489375 0.19972647059825485
0.48999999999999999 0.19919334394556665
0.49062499999999998 0.19866125839774049
0.49124999999999996 0.19813021228170016
0.49187499999999995 0.19760020392691635
0.49249999999999999 0.1970712316654033
0.49312500000000004 0.19654329383171548
0.49375000000000002 0.19601638876294433
0.49437500000000001 0.19549051479871463
0.495 0.19496567028118136
0.49562499999999998 0.19444185355502627
0.49624999999999997 0.19391906296745448
0.49687499999999996 0.19339729686819138
0.4975 0.19287655360947881
0.49812500000000004 0.19235683154607255
0.49875000000000003 0.19183812903523809
0.49937500000000001 0.19132044443674773
0.5 0.19080377611287752
0.50062499999999999 0.1902881224284034
0.50124999999999997 0.18977348175059844
0.50187499999999996 0.18925985244922913
0.50249999999999995 0.18874723289655235
0.50312499999999993 0.18823562146731193
0.50374999999999992 0.1877250165387355
0.50437500000000002 0.18721541649053108
0.505 0.18670681970488404
0.50562499999999999 0.18619922456645358
0.50625000000000009 0.18569262946236945
0.50687500000000008 0.1851870327822292
0.50750000000000006 0.18468243291809425
0.50812500000000005 0.18417882826448709
0.50875000000000004 0.18367621721838784
0.50937500000000002 0.18317459817923132
0.51000000000000001 0.18267396954890336
0.510625 0.18217432973173792
0.51124999999999998 0.18167567713451402
0.51187499999999997 0.18117801016645199
0.51249999999999996 0.18068132723921076
0.51312499999999994 0.18018562676688452
0.51374999999999993 0.17969090716599947
0.51437500000000003 0.17919716685551057
0.51500000000000001 0.17870440425679873
0.515625 0.17821261779366723
0.5162500000000001 0.17772180589233849
0.51687500000000008 0.17723196698145163
0.51750000000000007 0.17674309949205833
0.51812500000000006 0.17625520185762036
0.51875000000000004 0.1757682725140062
0.51937500000000003 0.17528230989948793
0.52000000000000002 0.17479731245473812
0.520625 0.17431327862282661
0.52124999999999999 0.1738302068492176
0.52187499999999998 0.17334809558176617
0.52249999999999996 0.17286694327071567
0.52312499999999995 0.17238674836869408
0.52374999999999994 0.17190750933071133
0.52437500000000004 0.17142922461415586
0.52500000000000002 0.17095189267879204
0.52562500000000001 0.17047551198675642
0.52625000000000011 0.17000008100255512
0.52687500000000009 0.16952559819306073
0.52750000000000008 0.16905206202750897
0.52812500000000007 0.1685794709774959
0.52875000000000005 0.16810782351697473
0.52937500000000004 0.16763711812225288
0.53000000000000003 0.1671673532719887
0.53062500000000001 0.16669852744718877
0.53125 0.16623063913120456
0.53187499999999999 0.16576368680972964
0.53249999999999997 0.16529766897079651
0.53312499999999996 0.16483258410477353
0.53374999999999995 0.16436843070436216
0.53437500000000004 0.16390520726459368
0.53500000000000003 0.1634429122828264
0.53562500000000002 0.16298154425874253
0.53625000000000012 0.16252110169434519
0.5368750000000001 0.1620615830939556
0.53750000000000009 0.16160298696420985
0.53812500000000008 0.16114531181405614
0.53875000000000006 0.16068855615475169
0.53937500000000005 0.16023271849985979
0.54000000000000004 0.15977779736524694
0.54062500000000002 0.15932379126907981
0.54125000000000001 0.1588706987318223
0.541875 0.15841851827623268
0.54249999999999998 0.15796724842736057
0.54312499999999997 0.15751688771254391
0.54374999999999996 0.15706743466140655
0.54437500000000005 0.15661888780585445
0.54500000000000004 0.15617124568007382
0.54562500000000003 0.15572450682052727
0.54625000000000012 0.15527866976595139
0.54687500000000011 0.15483373305735404
0.5475000000000001 0.15438969523801091
0.54812500000000008 0.15394655485346306
0.54875000000000007 0.153504310451514
0.54937500000000006 0.15306296058222654
0.55000000000000004 0.15262250379792028
0.55062500000000003 0.15218293865316862
0.55125000000000002 0.15174426370479577
0.551875 0.15130647751187409
0.55249999999999999 0.15086957863572123
0.55312499999999998 0.15043356563989713
0.55374999999999996 0.14999843709020141
0.55437500000000006 0.14956419155467027
0.55500000000000005 0.14913082760357413
0.55562500000000004 0.14869834380941427
0.55625000000000013 0.14826673874692031
0.55687500000000012 0.14783601099304755
0.55750000000000011 0.14740615912697386
0.55812500000000009 0.14697718173009708
0.55875000000000008 0.14654907738603207
0.55937500000000007 0.14612184468060824
0.56000000000000005 0.14569548220186654
0.56062500000000004 0.14526998854005657
0.56125000000000003 0.1448453622876342
0.56187500000000001 0.14442160203925858
0.5625 0.14399870639178924
0.56312499999999999 0.14357667394428381
0.56374999999999997 0.1431555032979947
0.56437499999999996 0.14273519305636687
0.56499999999999995 0.14231574182503473
0.56562499999999993 0.14189714821181978
0.56624999999999992 0.14147941082672755
0.56687499999999991 0.1410625282819451
0.56749999999999989 0.14064649919183822
0.56812499999999988 0.14023132217294887
0.56874999999999987 0.13981699584399221
0.56937499999999996 0.13940351882585431
0.56999999999999995 0.13899088974158916
0.57062499999999994 0.13857910721641606
0.57125000000000004 0.13816816987771696
0.57187500000000002 0.13775807635503401
0.57250000000000001 0.13734882528006648
0.573125 0.13694041528666853
0.57374999999999998 0.13653284501084631
0.57437499999999997 0.13612611309075531
0.57499999999999996 0.13572021816669796
0.57562499999999994 0.13531515888112083
0.57624999999999993 0.13491093387861197
0.57687499999999992 0.13450754180589844
0.5774999999999999 0.13410498131184351
0.57812499999999989 0.13370325104744432
0.57874999999999988 0.1333023496658291
0.57937499999999997 0.13290227582225436
0.57999999999999996 0.13250302817410314
0.58062499999999995 0.13210460538088128
0.58125000000000004 0.1317070061042156
0.58187500000000003 0.13131022900785139
0.58250000000000002 0.13091427275764939
0.583125 0.13051913602158335
0.58374999999999999 0.13012481746973795
0.58437499999999998 0.12973131577430555
0.58499999999999996 0.12933862960958425
0.58562499999999995 0.128946757651975
0.58624999999999994 0.12855569857997914
0.58687499999999992 0.12816545107419616
0.58749999999999991 0.1277760138173207
0.5881249999999999 0.12738738549414055
0.58874999999999988 0.12699956479153374
0.58937499999999998 0.12661255039846622
0.58999999999999997 0.12622634100598959
0.59062499999999996 0.12584093530723817
0.59125000000000005 0.12545633199742673
0.59187500000000004 0.12507252977384836
0.59250000000000003 0.12468952733587148
0.59312500000000001 0.1243073233849375
0.59375 0.12392591662455872
0.59437499999999999 0.12354530576031547
0.59499999999999997 0.12316548949985391
0.59562499999999996 0.1227864665528836
0.59624999999999995 0.12240823563117488
0.59687499999999993 0.12203079544855673
0.59749999999999992 0.12165414472091411
0.59812499999999991 0.12127828216618569
0.59874999999999989 0.12090320650436147
0.59937499999999999 0.12052891645748023
0.59999999999999998 0.12015541074962745
0.60062499999999996 0.11978268810693257
0.60125000000000006 0.1194107472575668
0.60187500000000005 0.11903958693174087
0.60250000000000004 0.11866920586170242
0.60312500000000002 0.11829960278173375
0.60375000000000001 0.11793077642814961
0.604375 0.11756272553929467
0.60499999999999998 0.11719544885554119
0.60562499999999997 0.1168289451192869
0.60624999999999996 0.11646321307495242
0.60687499999999994 0.1160982514689792
0.60749999999999993 0.11573405904982695
0.60812499999999992 0.11537063456797154
0.6087499999999999 0.11500797677590265
0.609375 0.11464608442812131
0.60999999999999999 0.11428495628113809
0.61062499999999997 0.11392459109347032
0.61125000000000007 0.11356498762563992
0.61187500000000006 0.11320614464017149
0.61250000000000004 0.11284806090158969
0.61312500000000003 0.11249073517641701
0.61375000000000002 0.11213416623317175
0.614375 0.11177835284236572
0.61499999999999999 0.11142329377650174
0.61562499999999998 0.11106898781007189
0.61624999999999996 0.11071543371955495
0.61687499999999995 0.11036263028341423
0.61749999999999994 0.11001057628209557
0.61812499999999992 0.10965927049802489
0.61874999999999991 0.10930871171560627
0.61937500000000001 0.10895889872121944
0.62 0.10860983030321804
0.62062499999999998 0.10826150525192706
0.62125000000000008 0.10791392235964084
0.62187500000000007 0.10756708042062106
0.62250000000000005 0.10722097823109437
0.62312500000000004 0.10687561458925032
0.62375000000000003 0.10653098829523934
0.62437500000000001 0.10618709815117047
0.625 0.10584394296110937
0.62562499999999999 0.10550152153107616
0.62624999999999997 0.10515983266904332
0.62687499999999996 0.10481887518493352
0.62749999999999995 0.10447864789061777
0.62812499999999993 0.10413914959991312
0.62874999999999992 0.10380037912858062
0.62937500000000002 0.1034623352943233
0.63 0.1031250169167843
0.63062499999999999 0.10278842281754437
0.63125000000000009 0.10245255182012025
0.63187500000000008 0.10211740274996255
0.63250000000000006 0.10178297443445353
0.63312500000000005 0.1014492657029053
0.63375000000000004 0.10111627538655765
0.63437500000000002 0.10078400231857622
0.63500000000000001 0.10045244533405036
0.635625 0.10012160326999117
0.63624999999999998 0.099791474965329655
0.63687499999999997 0.099462059260914518
0.63749999999999996 0.09913335499951044
0.63812499999999994 0.098805361025795943
0.63874999999999993 0.098478076186361521
0.63937500000000003 0.098151499329707667
0.64000000000000001 0.097825629306243139
0.640625 0.097500464968282588
0.6412500000000001 0.097176005170045099
0.64187500000000008 0.096852248767652124
0.64250000000000007 0.09652919461912543
0.64312500000000006 0.096206841584385458
0.64375000000000004 0.095885188525249271
0.64437500000000003 0.095564234305428708
0.64500000000000002 0.095243977790528622
0.645625 0.094924417848044798
0.64624999999999999 0.094605553347362467
0.64687499999999998 0.09428738315975399
0.64749999999999996 0.093969906158377442
0.64812499999999995 0.093653121218274543
0.64874999999999994 0.093337027216369009
0.64937500000000004 0.093021623031464523
0.65000000000000002 0.092706907544243225
0.65062500000000001 0.092392879637263628
0.65125000000000011 0.09207953819495901
0.65187500000000009 0.091766882103635691
0.65250000000000008 0.091454910251471011
0.65312500000000007 0.091143621528511909
0.65375000000000005 0.090833014826672887
0.65437500000000004 0.090523089039734425
0.65500000000000003 0.090213843063341237
0.65562500000000001 0.089905275795000572
0.65625 0.089597386134080331
0.65687499999999999 0.089290172981807595
0.65749999999999997 0.088983635241266859
0.65812499999999996 0.088677771817398221
0.65874999999999995 0.088372581616995877
0.65937500000000004 0.088068063548706263
0.66000000000000003 0.087764216523026781
0.66062500000000002 0.087461039452303629
0.66125000000000012 0.087158531250730434
0.6618750000000001 0.086856690834346814
0.66250000000000009 0.086555517121036346
0.66312500000000008 0.086255009030525243
0.66375000000000006 0.085955165484380675
0.66437500000000005 0.085655985406009161
0.66500000000000004 0.085357467720655014
0.66562500000000002 0.085059611355398759
0.66625000000000001 0.084762415239155509
0.666875 0.084465878302673603
0.66749999999999998 0.084169999478532806
0.66812499999999997 0.083874777701143002
0.66874999999999996 0.083580211906742488
0.66937500000000005 0.083286301033396543
0.67000000000000004 0.082993044020996123
0.67062500000000003 0.082700439811255952
0.67125000000000012 0.082408487347713277
0.67187500000000011 0.082117185575726614
0.6725000000000001 0.081826533442473814
0.67312500000000008 0.081536529896950941
0.67375000000000007 0.081247173889970783
0.67437500000000006 0.080958464374161321
0.67500000000000004 0.080670400303964385
0.67562500000000003 0.080382980635634343
0.67625000000000002 0.080096204327236423
0.676875 0.079810070338645678
0.67749999999999999 0.079524577631545301
0.67812499999999998 0.079239725169425429
0.67874999999999996 0.07895551191758178
0.67937500000000006 0.078671936843114243
0.68000000000000005 0.078388998914925637
0.68062500000000004 0.078106697103720299
0.68125000000000013 0.077825030382002794
0.68187500000000012 0.077543997724076719
0.68250000000000011 0.077263598106043302
0.68312500000000009 0.076983830505800099
0.68375000000000008 0.076704693903039856
0.68437500000000007 0.076426187279249186
0.68500000000000005 0.076148309617707313
0.68562500000000004 0.075871059903484944
0.68625000000000003 0.075594437123442895
0.68687500000000001 0.07531844026623101
0.6875 0.075043068322286952
0.68812499999999999 0.074768320283834941
0.68874999999999997 0.074494195144884728
0.68937499999999996 0.074220691901230318
0.68999999999999995 0.073947809550448856
0.69062499999999993 0.073675547091899593
0.69124999999999992 0.073403903526722575
0.69187499999999991 0.07313287785783773
0.69249999999999989 0.072862469089943691
0.69312499999999988 0.072592676229516706
0.69374999999999987 0.07232349828480962
0.69437499999999996 0.072054934265850731
0.69499999999999995 0.071786983184442918
0.69562499999999994 0.07151964405416246
0.69625000000000004 0.071252915890358023
0.69687500000000002 0.070986797710149832
0.69750000000000001 0.07072128853242847
0.698125 0.070456387377854035
0.69874999999999998 0.070192093268855171
0.69937499999999997 0.069928405229628066
0.69999999999999996 0.069665322286135589
0.70062499999999994 0.06940284346610634
0.70124999999999993 0.069140967799033753
0.70187499999999992 0.068879694316175216
0.7024999999999999 0.068619022050551176
0.70312499999999989 0.06835895003694431
0.70374999999999988 0.068099477311898721
0.70437499999999997 0.067840602913718906
0.70499999999999996 0.067582325882469305
0.70562499999999995 0.067324645259973157
0.70625000000000004 0.067067560089811851
0.70687500000000003 0.066811069417324231
0.70750000000000002 0.066555172289605724
0.708125 0.066299867755507697
0.70874999999999999 0.066045154865636599
0.70937499999999998 0.065791032672353436
0.70999999999999996 0.065537500229772963
0.71062499999999995 0.065284556593763018
0.71124999999999994 0.065032200821943928
0.71187499999999992 0.06478043197368781
0.71249999999999991 0.064529249110117995
0.7131249999999999 0.064278651294108341
0.71374999999999988 0.064028637590282669
0.71437499999999998 0.06377920706501429
0.71499999999999997 0.063530358786425406
0.71562499999999996 0.063282091824386419
0.71625000000000005 0.063034405250515527
0.71687500000000004 0.062787298138178377
0.71750000000000003 0.062540769562487275
0.71812500000000001 0.062294818600300915
0.71875 0.062049444330223809
0.71937499999999999 0.061804645832606045
0.71968750000000004 0.061682462211555947
0.71999999999999997 0.061560422189542656
0.72031249999999991 0.061438525652100631
0.72062499999999996 0.061316772484873334
0.72093750000000001 0.0611951625736133
0.72124999999999995 0.061073695804182059
0.72156249999999988 0.06095237206255006
0.72187499999999993 0.06083119123479671
0.72218749999999998 0.060710153207110464
0.72249999999999992 0.06058925786578874
0.72281249999999986 0.060468505097237793
0.72312499999999991 0.060347894787972832
0.72343749999999996 0.060227426824618069
0.72374999999999989 0.060107101093906636
0.72406249999999994 0.059986917482680431
0.72437499999999999 0.059866875877890427
0.72468749999999993 0.059746976166596411
0.72499999999999998 0.059627218235966999
0.72531250000000003 0.059507601973279783
0.72562499999999996 0.059388127265921201
0.72593750000000001 0.059268794001386509
0.72625000000000006 0.059149602067279844
0.7265625 0.059030551351314284
0.72687500000000005 0.058911641741311568
0.7271875000000001 0.058792873125202441
0.72750000000000004 0.058674245391026461
0.72781249999999997 0.058555758426931954
0.72812500000000002 0.058437412121176084
0.72843750000000007 0.058319206362124877
0.72875000000000001 0.058201141038253253
0.72906249999999995 0.058083216038144779
0.729375 0.057965431250491903
0.72968750000000004 0.057847786564095956
0.72999999999999998 0.057730281867867085
0.73031249999999992 0.057612917050824108
0.73062499999999997 0.057495692002094735
0.73093750000000002 0.057378606610915525
0.73124999999999996 0.057261660766631826
0.73156249999999989 0.057144854358697733
0.73187499999999994 0.057028187276676148
0.73218749999999999 0.056911659410238818
0.73249999999999993 0.056795270649166368
0.73281249999999987 0.0566790208833481
0.73312499999999992 0.056562910002782123
0.73343749999999996 0.056446937897575461
0.7337499999999999 0.056331104457943919
0.73406249999999995 0.056215409574212047
0.734375 0.056099853136813267
0.73468749999999994 0.055984435036289866
0.73499999999999999 0.05586915516329282
0.73531250000000004 0.055754013408582055
0.73562499999999997 0.055639009663026331
0.73593750000000002 0.055524143817603122
0.73625000000000007 0.055409415763398868
0.73656250000000001 0.055294825391608848
0.73687500000000006 0.055180372593537065
0.73718750000000011 0.055066057260596532
0.73750000000000004 0.054951879284309085
0.73781249999999998 0.054837838556305377
0.73812500000000003 0.054723934968324971
0.73843750000000008 0.054610168412216324
0.73875000000000002 0.054496538779936828
0.73906249999999996 0.054383045963552694
0.739375 0.054269689855239077
0.73968750000000005 0.054156470347280085
0.73999999999999999 0.054043387332068774
0.74031249999999993 0.053930440702107056
0.74062499999999998 0.053817630350005786
0.74093750000000003 0.053704956168484912
0.74124999999999996 0.053592418050373285
0.7415624999999999 0.053480015888608706
0.74187499999999995 0.05336774957623798
0.7421875 0.053255619006416934
0.74249999999999994 0.053143624072410481
0.74281249999999988 0.053031764667592497
0.74312499999999992 0.052920040685445847
0.74343749999999997 0.052808452019562607
0.74374999999999991 0.052696998563643863
0.74406249999999996 0.052585680211499716
0.74437500000000001 0.05247449685704951
0.74468749999999995 0.052363448394321666
0.745 0.052252534717453648
0.74531250000000004 0.052141755720692198
0.74562499999999998 0.052031111298393246
0.74593750000000003 0.051920601345021744
0.74625000000000008 0.05181022575515204
0.74656250000000002 0.051699984423467647
0.74687500000000007 0.051589877244761252
0.74718750000000012 0.05147990411393491
0.74750000000000005 0.051370064925999943
0.74781249999999999 0.051260359576076921
0.74812500000000004 0.051150787959395747
0.74843750000000009 0.051041349971295731
0.74875000000000003 0.050932045507225569
0.74906249999999996 0.050822874462743244
0.74937500000000001 0.050713836733516177
0.74968750000000006 0.050604932215321308
0.75 0.050496160804045016
0.75031249999999994 0.050387522395683108
0.75062499999999999 0.050279016886340872
0.75093750000000004 0.050170644172233221
0.75124999999999997 0.050062404149684651
0.75156249999999991 0.049954296715129139
0.75187499999999996 0.049846321765110245
0.75218750000000001 0.049738479196281334
0.75249999999999995 0.049630768905405326
0.75281249999999988 0.049523190789354826
0.75312499999999993 0.049415744745112185
0.75343749999999998 0.049308430669769483
0.75374999999999992 0.049201248460528674
0.75406249999999997 0.049094198014701364
0.75437500000000002 0.048987279229709094
0.75468749999999996 0.048880492003083337
0.755 0.048773836232465326
0.75531250000000005 0.048667311815606289
0.75562499999999999 0.048560918650367504
0.75593750000000004 0.048454656634720081
0.75625000000000009 0.048348525666745287
0.75656250000000003 0.048242525644634486
0.75687500000000008 0.048136656466689
0.75718750000000012 0.048030918031320376
0.75750000000000006 0.047925310237050399
0.7578125 0.047819832982510919
0.75812500000000005 0.047714486166444109
0.7584375000000001 0.047609269687702412
0.75875000000000004 0.047504183445248656
0.75906249999999997 0.047399227338155908
0.75937500000000002 0.047294401265607675
0.75968750000000007 0.047189705126897935
0.76000000000000001 0.047085138821431179
0.76031249999999995 0.046980702248722313
0.760625 0.04687639530839683
0.76093750000000004 0.046772217900190857
0.76124999999999998 0.046668169923951182
0.76156249999999992 0.046564251279635246
0.76187499999999997 0.046460461867311155
0.76218750000000002 0.046356801587157895
0.76249999999999996 0.046253270339465281
0.76281249999999989 0.046149868024633868
0.76312499999999994 0.046046594543175175
0.76343749999999999 0.045943449795711744
0.76374999999999993 0.045840433682977084
0.76406249999999998 0.045737546105815666
0.76437500000000003 0.045634786965183187
0.76468749999999996 0.045532156162146432
0.76500000000000001 0.045429653597883368
0.76531250000000006 0.045327279173683246
0.765625 0.045225032790946619
0.76593750000000005 0.045122914351185331
0.7662500000000001 0.045020923756022665
0.76656250000000004 0.044919060907193428
0.76687500000000008 0.044817325706543773
0.76718750000000013 0.04471571805603157
0.76750000000000007 0.044614237857726287
0.76781250000000001 0.044512885013808963
0.76812500000000006 0.044411659426572374
0.76843750000000011 0.044310560998421213
0.76875000000000004 0.044209589631871951
0.76906249999999998 0.044108745229552888
0.76937500000000003 0.044008027694204338
0.76968750000000008 0.043907436928678642
0.77000000000000002 0.043806972835940233
0.77031249999999996 0.04370663531906567
0.770625 0.043606424281243623
0.77093750000000005 0.043506339625775166
0.77124999999999999 0.043406381256073649
0.77156249999999993 0.043306549075664773
0.77187499999999998 0.043206842988186701
0.77218750000000003 0.043107262897390142
0.77249999999999996 0.043007808707138412
0.7728124999999999 0.042908480321407406
0.77312499999999995 0.04280927764428577
0.7734375 0.042710200579974933
0.77374999999999994 0.042611249032789247
0.77406249999999999 0.042512422907155838
0.77437500000000004 0.04241372210761496
0.77468749999999997 0.042315146538819903
0.77500000000000002 0.042216696105537008
0.77531250000000007 0.042118370712645958
0.77562500000000001 0.042020170265139635
0.77593750000000006 0.041922094668124237
0.77625000000000011 0.04182414382681951
0.77656250000000004 0.041726317646558632
0.77687500000000009 0.041628616032788335
0.77718750000000014 0.041531038891069093
0.77750000000000008 0.041433586127075081
0.77781250000000002 0.041336257646594272
0.77812500000000007 0.041239053355528486
0.77843750000000012 0.041141973159893611
0.77875000000000005 0.041045016965819629
0.77906249999999999 0.040948184679550519
0.77937500000000004 0.040851476207444538
0.77968750000000009 0.040754891455974294
0.78000000000000003 0.040658430331726794
0.78031249999999996 0.040562092741403426
0.78062500000000001 0.040465878591820194
0.78093750000000006 0.040369787789907755
0.78125 0.040273820242711547
0.78156249999999994 0.040177975857391732
0.78187499999999999 0.040082254541223425
0.78218750000000004 0.039986656201596783
0.78249999999999997 0.03989118074601708
0.78281249999999991 0.039795828082104683
0.78312499999999996 0.039700598117595277
0.78343750000000001 0.039605490760339979
0.78374999999999995 0.039510505918305357
0.7840625 0.03941564349957348
0.78437500000000004 0.03932090341234213
0.78468749999999998 0.039226285564924919
0.78500000000000003 0.039131789865751151
0.78531250000000008 0.039037416223366261
0.78562500000000002 0.038943164546431701
0.78593750000000007 0.038849034743724968
0.78625000000000012 0.038755026724139975
0.78656250000000005 0.038661140396686972
0.7868750000000001 0.038567375670492579
0.78718750000000015 0.038473732454800125
0.78750000000000009 0.038380210658969599
0.78781250000000003 0.038286810192477719
0.78812500000000008 0.038193530964918093
0.78843750000000012 0.038100372886001453
0.78875000000000006 0.038007335865555589
0.7890625 0.037914419813525523
0.78937500000000005 0.037821624639973565
0.7896875000000001 0.03772895025507958
0.79000000000000004 0.037636396569141008
0.79031249999999997 0.037543963492572878
0.79062500000000002 0.037451650935908097
0.79093750000000007 0.037359458809797498
0.79125000000000001 0.037267387025009979
0.79156249999999995 0.037175435492432525
0.791875 0.037083604123070428
0.79218750000000004 0.036991892828047442
0.79249999999999998 0.036900301518605835
0.79281249999999992 0.036808830106106478
0.79312499999999997 0.036717478502029034
0.79343750000000002 0.036626246617972098
0.79374999999999996 0.036535134365653352
0.7940625 0.036444141656909505
0.79437500000000005 0.036353268403696667
0.79468749999999999 0.036262514518090393
0.79500000000000004 0.036171879912285647
0.79531250000000009 0.036081364498597224
0.79562500000000003 0.035990968189459745
0.79593750000000008 0.035900690897427687
0.79625000000000012 0.035810532535175695
0.79656250000000006 0.035720493015498712
0.79687500000000011 0.035630572251311894
0.79718750000000016 0.035540770155651054
0.7975000000000001 0.035451086641672659
0.79781250000000004 0.035361521622653894
0.79812500000000008 0.035272075011992934
0.79843750000000013 0.035182746723209063
0.79875000000000007 0.035093536669942832
0.79906250000000001 0.035004444765956121
0.79937500000000006 0.03491547092513235
0.79968750000000011 0.034826615061476676
0.80000000000000004 0.034737877089116104
0.80031249999999998 0.03464925692229958
0.80062500000000003 0.034560754475398213
0.80093750000000008 0.034472369662905455
0.80125000000000002 0.034384102399437247
0.80156249999999996 0.034295952599732074
0.801875 0.034207920178651235
0.80218750000000005 0.034120005051178993
0.80249999999999999 0.034032207132422769
0.80281249999999993 0.033944526337613169
0.80312499999999998 0.033856962582104251
0.80343750000000003 0.033769515781373743
0.80374999999999996 0.033682185851023137
0.80406250000000001 0.033594972706777811
0.80437500000000006 0.033507876264487341
0.8046875 0.033420896440125587
0.80500000000000005 0.033334033149790797
0.8053125000000001 0.033247286309705935
0.80562500000000004 0.033160655836218821
0.80593750000000008 0.033074141645802191
0.80625000000000013 0.032987743655054011
0.80656250000000007 0.032901461780697631
0.80687500000000012 0.032815295939581886
0.80718750000000017 0.032729246048681417
0.80750000000000011 0.032643312025096766
0.80781250000000004 0.032557493786054562
0.80812500000000009 0.032471791248907721
0.80843750000000014 0.032386204331135718
0.80875000000000008 0.032300732950344718
0.80906250000000002 0.032215377024267682
0.80937500000000007 0.032130136470764681
0.80968750000000012 0.032045011207823111
0.81000000000000005 0.031960001153557842
0.81031249999999999 0.031875106226211383
0.81062500000000004 0.031790326344154109
0.81093750000000009 0.031705661425884532
0.81125000000000003 0.031621111390029509
0.81156249999999996 0.031536676155344293
0.81187500000000001 0.031452355640712873
0.81218750000000006 0.031368149765148207
0.8125 0.031284058447792439
0.81281249999999994 0.031200081607916971
0.81312499999999999 0.031116219164922791
0.81343750000000004 0.031032471038340746
0.81374999999999997 0.030948837147831691
0.81406249999999991 0.030865317413186686
0.81437499999999996 0.030781911754327235
0.81468750000000001 0.030698620091305594
0.81499999999999995 0.030615442344304952
0.81531249999999988 0.030532378433639571
0.81562499999999993 0.030449428279755119
0.81593749999999998 0.03036659180322895
0.81624999999999992 0.030283868924770248
0.81656249999999986 0.03020125956522025
0.81687499999999991 0.030118763645552521
0.81718749999999996 0.03003638108687327
0.81749999999999989 0.029954111810421541
0.81781249999999983 0.029871955737569369
0.81812499999999988 0.029789912789822119
0.81843749999999993 0.02970798288881879
0.81874999999999987 0.029626165956332183
0.81906249999999992 0.029544461914269134
0.81937499999999996 0.02946287068467086
0.8196874999999999 0.029381392189713189
0.81999999999999995 0.029300026351706726
0.8203125 0.029218773093097273
0.82062499999999994 0.029137632336466032
0.82093749999999999 0.029056604004529765
0.82125000000000004 0.028975688020141256
0.82156249999999997 0.028894884306289489
0.82187500000000002 0.028814192786099809
0.82218750000000007 0.028733613382834432
0.82250000000000001 0.028653146019892602
0.82281249999999995 0.028572790620810803
0.823125 0.02849254710926313
0.82343750000000004 0.028412415409061611
0.82374999999999998 0.028332395444156458
0.82406249999999992 0.028252487138636286
0.82437499999999997 0.028172690416728471
0.82468750000000002 0.028093005202799511
0.82499999999999996 0.028013431421355248
0.82531249999999989 0.027933968997041123
0.82562499999999994 0.027854617854642532
0.82593749999999999 0.027775377919085242
0.82624999999999993 0.027696249115435539
0.82656249999999987 0.027617231368900572
0.82687499999999992 0.027538324604828676
0.82718749999999996 0.027459528748709786
0.8274999999999999 0.027380843726175649
0.82781249999999984 0.027302269463000153
0.82812499999999989 0.027223805885099643
0.82843749999999994 0.027145452918533357
0.82874999999999988 0.027067210489503654
0.82906249999999992 0.026989078524356308
0.82937499999999997 0.026911056949580996
0.82968749999999991 0.026833145691811541
0.82999999999999996 0.026755344677826171
0.83031250000000001 0.026677653834548051
0.83062499999999995 0.02660007308904554
0.8309375 0.026522602368532436
0.83125000000000004 0.026445241600368524
0.83156249999999998 0.026367990712059836
0.83187500000000003 0.026290849631258936
0.83218750000000008 0.026213818285765432
0.83250000000000002 0.026136896603526281
0.83281249999999996 0.02606008451263608
0.833125 0.025983381941337518
0.83343750000000005 0.025906788818021772
0.83374999999999999 0.025830305071228868
0.83406249999999993 0.025753930629647981
0.83437499999999998 0.025677665422117888
0.83468750000000003 0.0256015093776274
0.83499999999999996 0.025525462425315715
0.8353124999999999 0.025449524494472738
0.83562499999999995 0.025373695514539538
0.8359375 0.025297975415108812
0.83624999999999994 0.025222364125925247
0.83656249999999988 0.025146861576885841
0.83687499999999992 0.025071467698040396
0.83718749999999997 0.024996182419591961
0.83749999999999991 0.024921005671897228
0.83781249999999985 0.02484593738546689
0.8381249999999999 0.024770977490966104
0.83843749999999995 0.024696125919214992
0.83874999999999988 0.024621382601189009
0.83906249999999993 0.024546747468019305
0.83937499999999998 0.024472220450993336
0.83968749999999992 0.024397801481555223
0.83999999999999997 0.024323490491306096
0.84031250000000002 0.024249287412004734
0.84062499999999996 0.024175192175567937
0.8409375 0.024101204714070897
0.84125000000000005 0.024027324959747826
0.84156249999999999 0.023953552844992364
0.84187500000000004 0.023879888302357915
0.84218750000000009 0.023806331264558347
0.84250000000000003 0.023732881664468356
0.84281249999999996 0.023659539435123899
0.84312500000000001 0.023586304509722749
0.84343750000000006 0.023513176821625043
0.84375 0.023440156304353692
0.84406249999999994 0.023367242891594874
0.84437499999999999 0.023294436517198557
0.84468750000000004 0.023221737115179105
0.84499999999999997 0.023149144619715682
0.84531249999999991 0.023076658965152763
0.84562499999999996 0.023004280086000688
0.84593750000000001 0.02293200791693625
0.84624999999999995 0.022859842392803184
0.84656249999999988 0.022787783448612639
0.84687499999999993 0.022715831019543772
0.84718749999999998 0.022643985040944357
0.84749999999999992 0.02257224544833128
0.84781249999999986 0.022500612177391029
0.84812499999999991 0.022429085163980338
0.84843749999999996 0.022357664344126782
0.84874999999999989 0.022286349654029296
0.84906249999999994 0.022215141030058692
0.84937499999999999 0.022144038408758372
0.84968749999999993 0.022073041726844853
0.84999999999999998 0.022002150921208292
0.85031250000000003 0.021931365928913194
0.85062499999999996 0.021860686687198993
0.85093750000000001 0.021790113133480539
0.85125000000000006 0.021719645205348893
0.8515625 0.021649282840571847
0.85187500000000005 0.021579025977094497
0.8521875000000001 0.02150887455304
0.85250000000000004 0.02143882850671015
0.85281249999999997 0.021368887776585951
0.85312500000000002 0.02129905230132834
0.85343750000000007 0.021229322019778878
0.85375000000000001 0.021159696870960341
0.85406249999999995 0.021090176794077362
0.854375 0.021020761728517134
0.85468750000000004 0.02095145161385014
0.85499999999999998 0.020882246389830803
0.85531249999999992 0.020813145996398084
0.85562499999999997 0.02074415037367627
0.85593750000000002 0.020675259461975706
0.85624999999999996 0.02060647320179344
0.85656249999999989 0.02053779153381393
0.85687499999999994 0.020469214398909762
0.85718749999999999 0.02040074173814246
0.85749999999999993 0.020332373492763161
0.85781249999999987 0.020264109604213303
0.85812499999999992 0.020195950014125441
0.85843749999999996 0.020127894664324016
0.8587499999999999 0.020059943496826101
0.85906249999999995 0.019992096453842076
0.859375 0.01992435347777655
0.85968749999999994 0.019856714511229084
0.85999999999999999 0.019789179496994911
0.86031250000000004 0.019721748378065836
0.86062499999999997 0.01965442109763103
0.86093750000000002 0.019587197599077722
0.86125000000000007 0.019520077825992188
0.86156250000000001 0.019453061722160495
0.86187500000000006 0.019386149231569273
0.86218750000000011 0.019319340298406693
0.86250000000000004 0.019252634867063238
0.86281249999999998 0.019186032882132546
0.86312500000000003 0.019119534288412284
0.86343750000000008 0.019053139030905102
0.86375000000000002 0.018986847054819452
0.86406249999999996 0.018920658305570437
0.864375 0.018854572728780758
0.86468750000000005 0.018788590270281666
0.86499999999999999 0.018722710876113831
0.86531249999999993 0.018656934492528254
0.86562499999999998 0.018591261065987182
0.86593750000000003 0.018525690543165156
0.86624999999999996 0.018460222870949897
0.8665624999999999 0.01839485799644321
0.86687499999999995 0.018329595866962024
0.8671875 0.018264436430039405
0.86749999999999994 0.018199379633425494
0.86781249999999988 0.018134425425088481
0.86812499999999992 0.018069573753215631
0.86843749999999997 0.018004824566214373
0.86874999999999991 0.01794017781271328
0.86906249999999996 0.017875633441563017
0.86937500000000001 0.017811191401837557
0.86968749999999995 0.017746851642835144
0.87 0.017682614114079308
0.87031250000000004 0.017618478765320088
0.87062499999999998 0.017554445546535048
0.87093750000000003 0.017490514407930289
0.87125000000000008 0.017426685299941735
0.87156250000000002 0.017362958173236156
0.87187500000000007 0.01729933297871224
0.87218750000000012 0.017235809667501902
0.87250000000000005 0.017172388190971329
0.87281249999999999 0.017109068500722139
0.87312500000000004 0.017045850548592565
0.87343750000000009 0.016982734286658745
0.87375000000000003 0.016919719667235825
0.87406249999999996 0.016856806642879179
0.87437500000000001 0.016793995166385644
0.87468750000000006 0.016731285190794826
0.875 0.016668676669390283
0.87531249999999994 0.016606169555700778
0.87562499999999999 0.016543763803501577
0.87593750000000004 0.016481459366815797
0.87624999999999997 0.016419256199915647
0.87656249999999991 0.016357154257323717
0.87687499999999996 0.016295153493814364
0.87718750000000001 0.016233253864415056
0.87749999999999995 0.016171455324407745
0.87781249999999988 0.016109757829330135
0.87812499999999993 0.016048161334977138
0.87843749999999998 0.01598666579740235
0.87874999999999992 0.015925271172919361
0.87906249999999997 0.015863977418103154
0.87937500000000002 0.015802784489791683
0.87968749999999996 0.015741692345087242
0.88 0.01568070094135789
0.88031250000000005 0.015619810236239077
0.88062499999999999 0.015559020187635062
0.88093750000000004 0.015498330753720391
0.88125000000000009 0.015437741892941547
0.88156250000000003 0.015377253564018445
0.88187500000000008 0.015316865725945933
0.88218750000000012 0.015256578337995499
0.88250000000000006 0.015196391359716852
0.8828125 0.015136304750939423
0.88312500000000005 0.015076318471774108
0.8834375000000001 0.01501643248261493
0.88375000000000004 0.014956646744140692
0.88406249999999997 0.014896961217316609
0.88437500000000002 0.014837375863396056
0.88468750000000007 0.014777890643922334
0.88500000000000001 0.014718505520730396
0.88531249999999995 0.014659220455948538
0.885625 0.01460003541200024
0.88593750000000004 0.014540950351606007
0.88624999999999998 0.01448196523778515
0.88656249999999992 0.014423080033857578
0.88687499999999997 0.014364294703445702
0.88718750000000002 0.01430560921047638
0.88749999999999996 0.014247023519182741
0.88781249999999989 0.014188537594106092
0.88812499999999994 0.014130151400097902
0.88843749999999999 0.014071864902321799
0.88874999999999993 0.014013678066255522
0.88906249999999998 0.013955590857692879
0.88937500000000003 0.013897603242745889
0.88968749999999996 0.013839715187846767
0.89000000000000001 0.013781926659749972
0.89031250000000006 0.013724237625534402
0.890625 0.013666648052605465
0.89093750000000005 0.013609157908697178
0.8912500000000001 0.013551767161874449
0.89156250000000004 0.01349447578053522
0.89187500000000008 0.01343728373341262
0.89218750000000013 0.013380190989577356
0.89250000000000007 0.013323197518439895
0.89281250000000001 0.013266303289752762
0.89312500000000006 0.013209508273612862
0.89343750000000011 0.013152812440463915
0.89375000000000004 0.013096215761098767
0.89406249999999998 0.013039718206661765
0.89437500000000003 0.012983319748651249
0.89468750000000008 0.012927020358922027
0.89500000000000002 0.012870820009687858
0.89531249999999996 0.012814718673523906
0.895625 0.012758716323369342
0.89593750000000005 0.012702812932529986
0.89624999999999999 0.012647008474680844
0.89656249999999993 0.012591302923868732
0.89687499999999998 0.012535696254514979
0.89718750000000003 0.012480188441418183
0.89749999999999996 0.012424779459756912
0.8978124999999999 0.012369469285092414
0.89812499999999995 0.012314257893371478
0.8984375 0.012259145260929308
0.89874999999999994 0.012204131364492355
0.89906249999999999 0.012149216181181159
0.89937500000000004 0.012094399688513422
0.89968749999999997 0.012039681864406902
0.90000000000000002 0.011985062687182392
0.90031250000000007 0.011930542135566883
0.90062500000000001 0.011876120188696576
0.90093750000000006 0.01182179682611997
0.90125000000000011 0.011767572027801139
0.90156250000000004 0.011713445774122861
0.90187500000000009 0.011659418045889823
0.90218750000000014 0.011605488824332004
0.90250000000000008 0.011551658091107956
0.90281250000000002 0.011497925828308126
0.90312500000000007 0.011444292018458292
0.90343750000000012 0.011390756644523065
0.90375000000000005 0.011337319689909338
0.90406249999999999 0.011283981138469791
0.90437500000000004 0.011230740974506511
0.90468750000000009 0.011177599182774656
0.90500000000000003 0.011124555748486096
0.90531249999999996 0.011071610657313088
0.90562500000000001 0.011018763895392105
0.90593750000000006 0.010966015449327663
0.90625 0.010913365306196183
0.90656249999999994 0.010860813453549844
0.90687499999999999 0.010808359879420606
0.90718750000000004 0.01075600457232426
0.90749999999999997 0.010703747521264465
0.90781249999999991 0.010651588715736853
0.90812499999999996 0.010599528145733216
0.90843750000000001 0.010547565801745807
0.90874999999999995 0.01049570167477158
0.9090625 0.010443935756316492
0.90937500000000004 0.010392268038400026
0.90968749999999998 0.010340698513559577
0.91000000000000003 0.010289227174854953
0.91031250000000008 0.010237854015873056
0.91062500000000002 0.01018657903073248
0.91093750000000007 0.01013540221408816
0.91125000000000012 0.010084323561136277
0.91156250000000005 0.010033343067619027
0.9118750000000001 0.0099824607298294749
0.91218750000000015 0.0099316765446166473
0.91250000000000009 0.0098809905093905151
0.91281250000000003 0.0098304026221270671
0.91312500000000008 0.0097799128813735436
0.91343750000000012 0.0097295212862537079
0.91375000000000006 0.0096792278364731584
0.9140625 0.00962903253232468
0.91437500000000005 0.0095789353746937762
0.9146875000000001 0.0095289363650642445
0.91500000000000004 0.0094790355055237984
0.91531249999999997 0.0094292327987697162
0.91562500000000002 0.0093795282481147057
0.91593750000000007 0.0093299218574928022
0.91625000000000001 0.009280413631465291
0.91656249999999995 0.009231003575226748
0.916875 0.0091816916946111816
0.91718750000000004 0.0091324779960983132
0.91749999999999998 0.0090833624868198581
0.91781249999999992 0.0090343451745658904
0.91812499999999997 0.0089854260677913918
0.91843750000000002 0.0089366051756228776
0.91874999999999996 0.0088878825078650622
0.9190625 0.0088392580750076017
0.91937500000000005 0.0087907318882320847
0.91968749999999999 0.0087423039594190059
0.92000000000000004 0.008693974301154794
0.92031250000000009 0.0086457429267391261
0.92062500000000003 0.0085976098501922144
0.92093750000000008 0.0085495750862621695
0.92125000000000012 0.008501638650432651
0.92156250000000006 0.0084538005589304775
0.92187500000000011 0.0084060608287333579
0.92218750000000016 0.0083584194775778668
0.9225000000000001 0.0083108765239674337
0.92281250000000004 0.0082634319871804432
0.92312500000000008 0.0082160858872785385
0.92343750000000013 0.0081688382451150475
0.92375000000000007 0.0081216890823434824
0.92406250000000001 0.0080746384214261703
0.92437500000000006 0.0080276862856430847
0.92468750000000011 0.0079808326991008243
0.92500000000000004 0.0079340776867416526
0.92531249999999998 0.0078874212743527006
0.92562500000000003 0.0078408634885753659
0.92593750000000008 0.0077944043569148878
0.92625000000000002 0.0077480439077499746
0.92656249999999996 0.0077017821703426323
0.926875 0.0076556191748481722
0.92718750000000005 0.0076095549523254279
0.92749999999999999 0.0075635895347470313
0.92781249999999993 0.0075177229550098977
0.92812499999999998 0.0074719552469459227
0.92843750000000003 0.0074262864453328711
0.92874999999999996 0.0073807165859053727
0.92906250000000001 0.0073352457053660995
0.92937500000000006 0.0072898738413972632
0.9296875 0.0072446010326721729
0.93000000000000005 0.0071994273188669879
0.9303125000000001 0.0071543527406728062
0.93062500000000004 0.0071093773398078286
0.93093750000000008 0.0070645011590297182
0.93125000000000013 0.0070197242421483471
0.93156250000000007 0.0069750466340385694
0.93187500000000012 0.0069304683806532819
0.93218750000000017 0.0068859895290367904
0.93250000000000011 0.0068416101273383306
0.93281250000000004 0.0067973302248257889
0.93312500000000009 0.0067531498718997772
0.93343750000000014 0.0067090691201079243
0.93375000000000008 0.0066650880221593815
0.93406250000000002 0.0066212066319395789
0.93437500000000007 0.0065774250045253085
0.93468750000000012 0.0065337431962001046
0.93500000000000005 0.0064901612644698067
0.93531249999999999 0.0064466792680784426
0.93562500000000004 0.0064032972670244369
0.93593750000000009 0.0063600153225771457
0.93625000000000003 0.0063168334972936151
0.93656249999999996 0.00627375185503567
0.93687500000000001 0.0062307704609873777
0.93718750000000006 0.0061878893816728403
0.9375 0.0061451086849742603
0.93781249999999994 0.0061024284401503641
0.93812499999999999 0.0060598487178552211
0.93843750000000004 0.0060173695901574471
0.93874999999999997 0.0059749911305596896
0.93906249999999991 0.00593271341401852
0.93937499999999996 0.0058905365169647558
0.93968750000000001 0.0058484605173241893
0.93999999999999995 0.0058064854945386714
0.94031249999999988 0.0057646115295875971
0.94062499999999993 0.0057228387050098908
0.94093749999999998 0.005681167104926433
0.94124999999999992 0.0056395968150628716
0.94156249999999986 0.0055981279227729054
0.94187499999999991 0.0055567605170620815
0.94218749999999996 0.0055154946886121058
0.94249999999999989 0.005474330529805573
0.94281249999999983 0.0054332681347512152
0.94312499999999988 0.0053923075993097353
0.94343749999999993 0.0053514490211201823
0.94374999999999987 0.0053106924996268101
0.94406249999999992 0.0052700381361065023
0.94437499999999996 0.0052294860336969048
0.9446874999999999 0.0051890362974250275
0.94499999999999995 0.0051486890342364597
0.9453125 0.0051084443530253522
0.94562499999999994 0.0050683023646649087
0.94593749999999999 0.0050282631820385499
0.94625000000000004 0.0049883269200718967
0.94656249999999997 0.0049484936957653195
0.94687500000000002 0.0049087636282272142
0.94718750000000007 0.0048691368387081503
0.94750000000000001 0.0048296134506356572
0.94781249999999995 0.0047901935896498124
0.948125 0.0047508773836396883
0.94843750000000004 0.0047116649627806434
0.94874999999999998 0.0046725564595724006
0.94906249999999992 0.0046335520088780172
0.94937499999999997 0.0045946517479638098
0.94968750000000002 0.0045558558165402201
0.94999999999999996 0.0045171643568035812
0.95031249999999989 0.004478577513478881
0.95062499999999994 0.004440095433863589
0.95093749999999999 0.0044017182678725434
0.95124999999999993 0.0043634461680838663
0.95156249999999987 0.0043252792897859856
0.95187499999999992 0.0042872177910258727
0.95218749999999996 0.004249261832658455
0.9524999999999999 0.004211411578397206
0.95281249999999984 0.004173667194865986
0.95312499999999989 0.0041360288516522495
0.95343749999999994 0.0040984967213615869
0.95374999999999988 0.0040610709796735905
0.95406249999999992 0.0040237518053991578
0.95437499999999997 0.0039865393805393647
0.95468749999999991 0.003949433890345762
0.95499999999999996 0.00391243552338224
0.95531250000000001 0.0038755444715886343
0.95562499999999995 0.0038387609303458963
0.9559375 0.0038020850985430003
0.95625000000000004 0.0037655171786457652
0.95656249999999998 0.0037290573767674103
0.95687500000000003 0.0036927059027410348
0.95718750000000008 0.0036564629701942015
0.95750000000000002 0.00362032879662545
0.95765624999999999 0.0036023025635039314
0.95781249999999996 0.0035843036034829637
0.95796875000000004 0.0035663319448739654
0.958125 0.0035483876162454788
0.95828124999999997 0.0035304706464257562
0.95843750000000005 0.0035125810645054776
0.95859375000000002 0.0034947188998405323
0.95874999999999999 0.0034768841820546972
0.95890624999999996 0.0034590769410425036
0.95906249999999993 0.0034412972069720721
0.95921875000000001 0.0034235450102879867
0.95937499999999998 0.0034058203817142804
0.95953124999999995 0.0033881233522573269
0.95968750000000003 0.0033704539532089044
0.95984375 0.0033528122161492861
0.95999999999999996 0.0033351981729502767
0.96015624999999993 0.0033176118557784128
0.9603124999999999 0.003300053297098148
0.96046874999999998 0.0032825225296750872
0.96062499999999995 0.0032650195865793342
0.96078124999999992 0.0032475445011887565
0.9609375 0.003230097307192419
0.96109374999999997 0.0032126780385940681
0.96124999999999994 0.003195286729715553
0.96140624999999991 0.0031779234152004283
0.96156249999999988 0.0031605881300175434
0.96171874999999996 0.0031432809094646963
0.96187499999999992 0.003126001789172396
0.96203124999999989 0.0031087508051075609
0.96218749999999997 0.0030915279935773946
0.96234374999999994 0.0030743333912333134
0.96249999999999991 0.0030571670350748223
0.96265624999999988 0.0030400289624535871
0.96281249999999985 0.0030229192110774929
0.96296874999999993 0.0030058378190147852
0.9631249999999999 0.00298878482469832
0.96328124999999987 0.0029717602669297725
0.96343749999999995 0.0029547641848840208
0.96359374999999992 0.0029377966181135923
0.96374999999999988 0.0029208576065530814
0.96390624999999996 0.0029039471905237474
0.96406249999999993 0.0028870654107381851
0.9642187499999999 0.0028702123083049571
0.96437499999999998 0.0028533879247334254
0.96453124999999995 0.0028365923019386531
0.96468749999999992 0.0028198254822462757
0.96484375 0.0028030875083975716
0.96499999999999997 0.0027863784235546128
0.96515624999999994 0.0027696982713053915
0.96531250000000002 0.0027530470956691486
0.96546874999999999 0.0027364249411017828
0.96562499999999996 0.0027198318525012526
0.96578125000000004 0.002703267875213175
0.9659375 0.0026867330550365202
0.96609374999999997 0.002670227438229299
0.96625000000000005 0.002653751071514453
0.96640625000000002 0.0026373040020858519
0.96656249999999999 0.0026208862776142855
0.96671875000000007 0.0026044979462536682
0.96687500000000004 0.0025881390566473558
0.96703125000000001 0.0025718096579344638
0.96718750000000009 0.0025555097997564131
0.96734375000000006 0.0025392395322635765
0.96750000000000003 0.0025229989061219607
0.96765625 0.0025067879725201082
0.96781249999999996 0.0024906067831760776
0.96796875000000004 0.0024744553903445449
0.96812500000000001 0.0024583338468240983
0.96828124999999998 0.0024422422059645447
0.96843750000000006 0.0024261805216744684
0.96859375000000003 0.0024101488484289113
0.96875 0.0023941472412771143
0.96890624999999997 0.0023781757558505043
0.96906249999999994 0.0023622344483707784
0.96921875000000002 0.0023463233756581504
0.96937499999999999 0.0023304425951397949
0.96953124999999996 0.0023145921648583573
0.96968750000000004 0.0022987721434807175
0.96984375 0.0022829825903069307
0.96999999999999997 0.0022672235652792362
0.97015624999999994 0.0022514951289913589
0.97031249999999991 0.0022357973426979367
0.97046874999999999 0.0022201302683241323
0.97062499999999996 0.0022044939684754943
0.97078124999999993 0.002188888506447904
0.97093750000000001 0.0021733139462378217
0.97109374999999998 0.0021577703525527403
0.97124999999999995 0.0021422577908217499
0.97140624999999992 0.0021267763272064337
0.97156249999999988 0.0021113260286119259
0.97171874999999996 0.0020959069626982027
0.97187499999999993 0.0020805191978916612
0.9720312499999999 0.0020651628033968323
0.97218749999999998 0.0020498378492084307
0.97234374999999995 0.0020345444061236708
0.97249999999999992 0.0020192825457547364
0.97265624999999989 0.002004052340541628
0.97281249999999986 0.0019888538637652356
0.97296874999999994 0.0019736871895606888
0.97312499999999991 0.001958552392931052
0.97328124999999988 0.0019434495497612113
0.97343749999999996 0.0019283787368321644
0.97359374999999992 0.0019133400318356235
0.97374999999999989 0.0018983335133888517
0.97390624999999997 0.0018833592610499161
0.97406249999999994 0.0018684173553332993
0.97421874999999991 0.0018535078777257548
0.97437499999999999 0.001838630910702625
0.97453124999999996 0.0018237865377445336
0.97468749999999993 0.0018089748433543628
0.97484375000000001 0.001794195913074723
0.97499999999999998 0.001779449833505829
0.97515624999999995 0.0017647366923236973
0.97531250000000003 0.0017500565782988732
0.97546875 0.0017354095813155981
0.97562499999999996 0.0017207957923913435
0.97578125000000004 0.001706215303696906
0.97593750000000001 0.0016916682085769926
0.97609374999999998 0.0016771546015712092
0.97625000000000006 0.0016626745784356627
0.97640625000000003 0.001648228236165091
0.9765625 0.0016338156730154522
0.97671875000000008 0.0016194369885271728
0.97687500000000005 0.0016050922835489784
0.97703125000000002 0.0015907816602622352
0.9771875000000001 0.0015765052222060101
0.97734375000000007 0.0015622630743027676
0.97750000000000004 0.001548055322884647
0.97765625 0.0015338820757205139
0.97781249999999997 0.0015197434420436851
0.97796875000000005 0.0015056395325803731
0.97812500000000002 0.0014915704595789435
0.97828124999999999 0.0014775363368398535
0.97843750000000007 0.0014635372797464886
0.97859375000000004 0.0014495734052968349
0.97875000000000001 0.0014356448321359312
0.97890624999999998 0.001421751680589311
0.97906249999999995 0.0014078940726973282
0.97921875000000003 0.0013940721322504366
0.979375 0.0013802859848255167
0.97953124999999996 0.0013665357578231342
0.97968750000000004 0.0013528215805059516
0.97984375000000001 0.001339143584038248
0.97999999999999998 0.0013255019015264971
0.98015624999999995 0.0013118966680612299
0.98031249999999992 0.0012983280207600858
0.98046875 0.0012847960988121396
0.98062499999999997 0.0012713010435236086
0.98078124999999994 0.0012578429983648391
0.98093750000000002 0.001244422109018814
0.98109374999999999 0.0012310385234311472
0.98124999999999996 0.0012176923918615374
0.98140624999999992 0.0012043838669369253
0.98156249999999989 0.0011911131037062735
0.98171874999999997 0.0011778802596970838
0.98187499999999994 0.0011646854949737709
0.98203124999999991 0.0011515289721978229
0.98218749999999999 0.0011384108566900081
0.98234374999999996 0.001125331316494619
0.98249999999999993 0.0011122905224457632
0.9826562499999999 0.001099288648235959
0.98281249999999987 0.0010863258704869993
0.98296874999999995 0.0010734023688232237
0.98312499999999992 0.0010605183259473517
0.98328124999999988 0.0010476739277188486
0.98343749999999996 0.001034869363235119
0.98359374999999993 0.0010221048249155562
0.9837499999999999 0.0010093805085885099
0.98390624999999998 0.00099669661358146107
0.98406249999999995 0.00098405334281446858
0.98421874999999992 0.00097145090289695935
0.984375 0.00095888950422818794
0.98453124999999997 0.00094636936110144396
0.98468749999999994 0.00093389069181211762
0.98484375000000002 0.0009214537187699687
0.98499999999999999 0.00090905866861571772
0.98515624999999996 0.00089670577234209807
0.98531250000000004 0.00088439526541974917
0.98546875 0.00087212738792811551
0.98562499999999997 0.00085990238469152165
0.98578125000000005 0.00084772050542085767
0.98593750000000002 0.00083558200486107668
0.98609374999999999 0.00082348714294473799
0.98625000000000007 0.00081143618495207234
0.98640625000000004 0.00079942940167784208
0.98656250000000001 0.00078746706960528326
0.98671875000000009 0.00077554947108768335
0.98687500000000006 0.00076367689453793117
0.98703125000000003 0.00075184963462641833
0.98718750000000011 0.00074006799248791983
0.98734375000000008 0.00072833227593789172
0.98750000000000004 0.00071664279969866241
0.98765625000000001 0.00070499988563626256
0.98781249999999998 0.00069340386300840127
0.98796875000000006 0.00068185506872430856
0.98812500000000003 0.00067035384761721226
0.98828125 0.00065890055273010921
0.98843750000000008 0.00064749554561583202
0.98859375000000005 0.0006361391966522408
0.98875000000000002 0.00062483188537345007
0.98890624999999999 0.00061357400081829983
0.98906249999999996 0.00060236594189709157
0.98921875000000004 0.00059120811777786664
0.989375 0.00058010094829360039
0.98953124999999997 0.00056904486437164912
0.98968750000000005 0.00055804030848716842
0.98984375000000002 0.00054708773514214662
0.98999999999999999 0.00053618761137184088
0.99015624999999996 0.00052534041728079391
0.99031249999999993 0.00051454664661052289
0.99046875000000001 0.00050380680734133754
0.99062499999999998 0.00049312142233096502
0.99078124999999995 0.00048249102999276
0.99093750000000003 0.00047191618501682002
0.99109375 0.00046139745913742171
0.99124999999999996 0.00045093544195054785
0.99140624999999993 0.0004405307417858727
0.9915624999999999 0.00043018398663776432
0.99171874999999998 0.00041989582516049673
0.99187499999999995 0.0004096669277334294
0.99203124999999992 0.00039949798760238709
0.9921875 0.00038938972210443839
0.99234374999999997 0.00037934287398386403
0.99249999999999994 0.00036935821280803711
0.99265624999999991 0.00035943653649316958
0.99281249999999988 0.00034957867295084047
0.99296874999999996 0.00033978548186772649
0.99312499999999992 0.00033005785663253062
0.99328124999999989 0.00032039672642577313
0.99343749999999997 0.00031080305849044687
0.99359374999999994 0.00030127786060376617
0.99374999999999991 0.00029182218377307251
0.99390624999999999 0.00028243712518244229
0.99406249999999996 0.00027312383142022689
0.99421874999999993 0.00026388350202230705
0.99437500000000001 0.000254717393371401
0.99453124999999998 0.00024562682299896193
0.99468749999999995 0.00023661317434380002
0.99484375000000003 0.00022767790203084034
0.995 0.00021882253774419287
0.99507812500000004 0.0002144253224303874
0.99515624999999996 0.00021004869678195579
0.995234375 0.00020569287697970622
0.99531250000000004 0.00020135808539644158
0.99539062499999997 0.00019704455087817004
0.99546875000000001 0.00019275250904304291
0.99554687500000005 0.00018848220259951563
0.99562499999999998 0.00018423388168520847
0.99570312500000002 0.00018000780422826863
0.99578125000000006 0.0001758042363332168
0.99585937499999999 0.00017162345269330209
0.99593750000000003 0.00016746573703178315
0.99601562500000007 0.0001633313825748099
0.99609375 0.000159220692558715
0.99617187500000004 0.00015513398077501747
0.99625000000000008 0.00015107157215681749
0.99632812500000001 0.00014703380341053629
0.99640625000000005 0.00014302102369760533
0.99648437500000009 0.00013903359537127303
0.99656250000000002 0.00013507189477419049
0.99664062500000006 0.00013113631310334353
0.9967187500000001 0.00012722725734975757
0.99679687500000003 0.00012334515132125665
0.99687500000000007 0.00011949043675787493
0.99695312500000011 0.0001156635745508794
0.99703125000000004 0.00011186504607781161
0.99710937500000008 0.00010809535466798231
0.99718750000000012 0.00010435502721507039
0.99726562500000004 0.00010064461595596235
0.99734375000000008 9.6964700438251388e-05
0.99742187500000012 9.331588970256528e-05
0.99750000000000005 8.9698824710265649e-05
0.99757812499999998 8.6114181052671766e-05
0.99765625000000002 8.2562671984564198e-05
0.99773437500000006 7.9045051832812253e-05
0.99781249999999999 7.5562119840973455e-05
0.99789062500000003 7.2114724523143162e-05
0.99796875000000007 6.870376861583608e-05
0.998046875 6.5330214735999462e-05
0.99812500000000004 6.1995091878060978e-05
0.99820312500000008 5.8699502914463385e-05
0.99828125000000001 5.5444633304749056e-05
0.99835937500000005 5.2231761271528104e-05
0.99843750000000009 4.9062269771743768e-05
0.99851562500000002 4.5937660685070195e-05
0.99859375000000006 4.2859571767913381e-05
0.9986718750000001 3.9829797095041665e-05
0.99875000000000003 3.6850311952661187e-05
0.99882812499999996 3.3923303489997639e-05
0.99890625 3.1051208932664407e-05
0.99898437500000004 2.8236763894624645e-05
0.99906249999999996 2.5483064436919745e-05
0.999140625 2.2793648252926738e-05
0.99921875000000004 2.0172603145955736e-05
0.99929687499999997 1.7624715618056664e-05
0.99933593749999994 1.6379942609068494e-05
0.99937500000000001 1.5155680509710128e-05
0.99941406250000009 1.3952833173193369e-05
0.99945312500000005 1.2772407566656132e-05
0.99949218750000002 1.1615533680423267e-05
0.99953124999999998 1.048349010082193e-05
0.99957031249999995 9.377737462587196e-06
0.99960937500000002 8.299963144463977e-06
0.9996484375000001 7.2521424881314184e-06
0.99968750000000006 6.2366251651520232e-06
0.99972656250000003 5.2562614683470264e-06
0.99976562499999999 4.3145953671074842e-06
0.99980468749999996 3.4161767949867344e-06
0.99984375000000003 2.5671060383141404e-06
0.99988281250000011 1.7760869748108617e-06
0.99990234375000009 1.4063049012903098e-06
0.99992187500000007 1.0568125349015964e-06
0.99994140625000005 7.3119526844513918e-07
0.99996093750000004 4.3509299824879219e-07
0.99998046875000002 1.7913532195208673e-07
0.99999023437500001 7.3754387464150352e-08
1 0
